0.03209401076383746,0.01453216879315994 0.0591475392745428 2
0.029919571045576406,0.015167921090637873 0.14281786583140596 2
0.038953938676021684,0.014748152484428994 0.12718896863314647 2
0.03341890093173607,0.015061142455626798 0.10611068758454852 2
0.03198976327575176,0.014862628609658408 0.07782235886975394 2
0.0297029702970297,0.015105928939672105 0.06858258572347163 2
0.03061389337641357,0.014853248162878523 0.06950952337807106 2
0.033103503890972136,0.014786970398029654 0.10565971187199655 2
0.0325851754423183,0.014973028336102123 0.20437730578488422 2
0.033948068630149555,0.014810340510053541 0.10209585787974042 2
0.03435851913738186,0.014779596072256958 0.06416841182632162 2
0.033880853150281935,0.014783842504481821 0.0824644796726186 2
0.03574582810393715,0.014693555822622694 0.08088413554521814 2
0.03532913467345354,0.014758716489569647 0.07837778714954113 2
0.031061954402915502,0.014692673475561137 0.04227518245971778 2
0.029624242424242424,0.015032870000973742 0.15813873029748957 2
0.03394323960189491,0.014921373921105324 0.2122311728215776 2
0.03153328784481918,0.01500828333036097 0.19355863410031823 2
0.029635258358662615,0.014883778158361156 0.1540488293808344 2
0.029483878877038128,0.01511086349513987 0.1333469799562251 2
0.03324227973517292,0.01520152313861037 0.10306154843787038 2
0.03169176753210755,0.015155814273233927 0.15601444353313965 2
0.033162509000042355,0.014783113422490612 0.06480948231195946 2
0.03229297433011558,0.014810585834595857 0.09874071616837314 2
0.032804539618108766,0.014898543027306772 0.13919208512878803 2
0.0316227910550366,0.014865530923014807 0.18795436659771744 2
0.031389745148265535,0.014890971520040819 0.21416893108005255 2
0.03208503998439633,0.015000106699095581 0.1789564551700563 2
0.03257604602952997,0.014681961976340084 0.10549118971701354 2
0.035291943828529196,0.014566507613460433 0.055216649600961364 2
