0.003357527279909149,0.01263032317663739 0.055436855951184985 1
0.005308310991957104,0.012525613452405078 0.07215136828930596 1
0.0035992528133400154,0.012771036215458482 0.0881631480124292 1
0.0038980794827914054,0.012734220529323164 0.08008488138862234 1
0.005544892301130305,0.01290106770551995 0.11194605081222747 1
0.004177632953168735,0.012634275187669238 0.07215848189837896 1
0.0037560581583198707,0.012886879216695922 0.06509120358120081 1
0.004153058344421596,0.012758249677715225 0.13425481467710573 1
0.005346005346005346,0.012568213063254053 0.07196626506740375 1
0.0035324341682723185,0.012636544988230181 0.0875040279941982 1
0.004595060310166571,0.012579534200814969 0.016968501827262783 1
0.004216719784260848,0.012774936672583417 0.046428592851908965 1
0.005252637939850323,0.012976260844779932 0.16308216091788721 1
0.004874471572771978,0.012884125272971735 0.047338506063296544 1
0.003941011950165268,0.012880010670623158 0.047723548491056395 1
0.005042424242424242,0.012970449048259183 0.03424494829551113 1
0.0029988265461341214,0.012649041589620567 0.051633884570789726 1
0.0037040647236572764,0.012751711239340545 6.946102667837798e-05 1
0.003514437689969605,0.012587691128813961 0.15334946529260665 1
0.004842466593110212,0.012845913665585202 0.17970976035179456 1
0.0038890689383767768,0.013047583945290825 0.053459855167721546 1
0.0049431765684191074,0.013090420422564218 0.11289329423823999 1
0.00393884206513913,0.013103047109612825 0.0441994715012136 1
0.0032899008700922037,0.012998367590689305 0.01731924645332486 1
0.0036863687197117175,0.012914660016615754 0.01886523920862694 1
0.004084273525011121,0.012861728095246985 0.05801041669328114 1
0.004081101028958451,0.012888971084540917 0.01915023132111545 1
0.004193485469085235,0.012549962062448291 0.16729647878912135 1
0.005838304353344333,0.012723111240320073 0.07703693035313189 1
0.0047117516629711755,0.012727757422780941 0.05699207579143856 1
