0.011393939393939394,0.013405464402394596 0.18931908026790403 5
0.009344169672736755,0.013650195532434156 0.15148820342747704 5
0.009893751827663515,0.013652434408754818 0.095990162052631 5
0.010020896656534954,0.013499943826242372 0.16424838722088636 5
0.011278656368763025,0.013468609043282311 0.1782608833808514 5
0.011343117736932265,0.01364601850801596 0.1541977434968543 5
0.011595675875450429,0.013739819109104533 0.16567043754806157 5
0.009741222311634408,0.013761104233745543 0.18618746472643527 5
0.010042855287649885,0.013739375062069159 0.11850509545872967 5
0.010520647806817711,0.01350978508730119 0.13053435636256458 5
0.010109587933195843,0.01356569014661724 0.13961327012894606 5
0.010593496287934703,0.013505161029136077 0.08622180493988478 5
0.010922566803198752,0.013663291395988826 0.2872886774866483 5
0.009053602403012227,0.013460396116194429 0.10580524984842829 5
0.009238728750923873,0.01346781399812619 0.1441566545949365 5
0.009282575420925296,0.01333029778119222 0.07874037311429076 5
0.01093833780160858,0.013507060832955022 0.2101075973540983 5
0.01002323568271903,0.0136197215268397 0.22164569206598175 5
0.011504088229701464,0.013582047457086938 0.1808745856302163 5
0.010833866496054596,0.013530845622024522 0.20765219733570045 5
0.008731252872122655,0.013655865914098382 0.11440267895556976 5
0.007269789983844911,0.01357926691431897 0.14506026092989396 5
0.010241522519253256,0.013587039156114271 0.0703884139226369 5
0.010310153167296025,0.013609994272910573 0.16200846963325702 5
0.008441141389118268,0.01356823186685382 0.1383857914706761 5
0.00966006997023654,0.013566622402527621 0.07841511109532162 5
0.007845060063741112,0.013569308741201205 0.07139400081434154 5
0.007762748105796496,0.013541811924959615 0.05011480561361787 5
0.007031317401432146,0.013639136750963152 0.10331302680651733 5
0.006610729722857869,0.01351173015009713 0.06318181608576903 5
