0.012195724090258233,0.012982284499058208 0.8949279712498189 36
0.01324396782841823,0.01292854677270654 0.6607102262544094 36
0.01038771698027245,0.012810158608159936 0.6290401309013753 36
0.010220574253660391,0.012799821221286855 0.662188941840468 36
0.01019407123053956,0.012647147592803422 0.6663632569743898 36
0.009399674144629652,0.012744743659593922 0.6646842792840806 36
0.009289176090468497,0.012643710712586131 0.7361032947981538 36
0.012338212168864158,0.012658887712313346 0.7969531838038699 36
0.010946582375153804,0.012834543928590283 0.6663094145201931 36
0.01165244517845674,0.012941246584252468 0.6110756942520126 36
0.011278784397681584,0.01291340287012687 0.6151715813450935 36
0.010934052463839177,0.012697295270386317 0.5435437646998604 36
0.010970111095616604,0.012529531208985227 0.5922747125320891 36
0.01212147355707014,0.012740405065270247 0.6246083585369742 36
0.010678871090770405,0.012641980511903909 0.742986708692115 36
0.01183030303030303,0.012927214261897685 0.792326590962627 36
0.011213003607284106,0.012907635293891771 0.7250962434528483 36
0.012184423433083147,0.012652074977286171 0.7404608661475498 36
0.013012917933130698,0.012890038979999732 0.7677327668009273 36
0.014282211597401005,0.013110104224549642 0.8304353670836834 36
0.012083892772813557,0.012755876506216696 0.7802874299705292 36
0.010071144784255751,0.012634665996966459 0.694124176248776 36
0.010800050823768583,0.012682134370504297 0.738569186608356 36
0.010865330505172936,0.012601818735591928 0.7056024590721691 36
0.010603487553328086,0.01258398694901512 0.6967699026388371 36
0.00994783452626471,0.012677554999058217 0.6657927061116363 36
0.011592063560977727,0.012723570342160807 0.6556378614750767 36
0.011946557440998635,0.012884353989820576 0.7686896765567401 36
0.012438126665820535,0.012770027177389587 0.6556593808331294 36
0.011548410938654842,0.012807482240114661 0.616664575194464 36
