0.0062545454545454545,0.01301041653336841 0.24354633603474016 14
0.005910730583684645,0.013262412561987702 0.10731118656815798 14
0.006725801735061897,0.01322313832927212 0.13353733646549198 14
0.005889057750759878,0.013337371353536829 0.11613778364495317 14
0.005271545911487066,0.012996717112864528 0.1572136512958511 14
0.0069910644011296815,0.013066044032676104 0.16862858469824887 14
0.005497551510671717,0.013203698011567809 0.15684678803537547 14
0.0054635551226123414,0.013303426080780922 0.19841920369339497 14
0.006752954417557681,0.013366292229188571 0.1516450814199115 14
0.00671001946734043,0.013323776243677124 0.12524720763551503 14
0.006308382870314206,0.013365976304652522 0.15388613927697425 14
0.005340164112360526,0.013358452729178402 0.12417500982519636 14
0.006436512580456407,0.013403631660745586 0.1794892687717321 14
0.00613445022634006,0.013355938383020561 0.1184264609230183 14
0.005543237250554324,0.01333961074848468 0.1541860687216291 14
0.006961931565693971,0.013204779972501812 0.12362528282380153 14
0.007774798927613941,0.013165194385252241 0.24252643042692434 14
0.005831700760854709,0.01316199088530891 0.1944051744130544 14
0.005419281232173417,0.013290040732176062 0.1454201318790441 14
0.005544892301130305,0.01328548947429726 0.14399073709770646 14
0.006475331077411539,0.013340967211235413 0.17259163628433166 14
0.0068255250403877225,0.013477737886271591 0.14420350156638134 14
0.005846538446030402,0.013399386544262482 0.12153823227646951 14
0.007000721286435572,0.013523572361553268 0.2002497184921384 14
0.005688595283971007,0.013274219745944647 0.10545024006929736 14
0.006527074304213879,0.01329124277702268 0.16622838962632905 14
0.005638636920813925,0.01341014567810628 0.049517562243030326 14
0.005949890763724259,0.013347991418246833 0.10252136972203943 14
0.004270554740747131,0.013319693298617376 0.0870018748478641 14
0.004915670819560979,0.013505116714246947 0.07753951054479391 14
