0.01818181818181818,0.01300973382419151 0.29619709505161873 7
0.02094832456864705,0.013146714792802536 0.3752066966042735 7
0.01808168437469539,0.01318717748826917 0.15089294439131837 7
0.01771466565349544,0.013087104873615136 0.26712561975164084 7
0.01875689591761677,0.012939053702626485 0.17265559112108878 7
0.018241585258576786,0.013185937494993126 0.19565153929916557 7
0.019264529243278202,0.013372474085723457 0.1917056488268275 7
0.018804794375502944,0.013458719396248237 0.12962768388016563 7
0.01896021817237349,0.013350945814440593 0.2436779786765432 7
0.01938450068342791,0.013195920058254635 0.20780714499584801 7
0.01904646366614097,0.01325236977350414 0.22341103749189387 7
0.019276689966569706,0.013172446890102094 0.19206915204550945 7
0.01930953774136922,0.013120478415068824 0.24584431829892367 7
0.018107204806024454,0.01301802911701653 0.13533015605543636 7
0.01820029563932003,0.012926413522622712 0.1985398804056897 7
0.017627018219523033,0.012898989648357019 0.12368799163281723 7
0.015388739946380696,0.013073620624951978 0.3220483772937004 7
0.01813294455328261,0.013119756159323431 0.2833628222664892 7
0.019252709640616088,0.013157373665313079 0.25532865185914544 7
0.017701002345915973,0.01316255474103994 0.22957517130865238 7
0.018005598028157245,0.013184362745666874 0.1571624990188521 7
0.020234248788368336,0.013092558115329212 0.3410572031614494 7
0.01713640579008911,0.013195703175028736 0.2163884609256366 7
0.02062030633459205,0.013108552786686859 0.1701770392558159 7
0.017616295072942472,0.012979674922981113 0.24640431430687154 7
0.017962508485196597,0.012995633110911774 0.1104234799601202 7
0.018484922775189996,0.013079931294011323 0.14880508876009024 7
0.01585088086273416,0.013184003732003366 0.14295360877484428 7
0.017988094211025797,0.013074733886681731 0.10279237298135946 7
0.018645647936265785,0.013104588331435152 0.21519291506809934 7
