0.01953939393939394,0.014164817982373344 0.17758646877768913 25
0.01942718066843409,0.013867359354262681 0.16840006177197414 25
0.019348864411736038,0.013779656907662627 0.19917614421333296 25
0.018949468085106384,0.013830172136594595 0.2099631707558394 25
0.018940787054063993,0.014201724702020068 0.1632206279899625 25
0.0191675540534284,0.01395290905511751 0.20057403924474693 25
0.01778619606393791,0.013858008772905318 0.1602485739115099 25
0.01800008470628097,0.013708427071151181 0.18558346507112936 25
0.015627029132937967,0.013705309647584171 0.1614793549645236 25
0.017934805119496335,0.013788665976552966 0.22268241598382282 25
0.017186299486432934,0.013722579242004979 0.22610820000359028 25
0.01845178656709938,0.01370235386874349 0.14547661860933883 25
0.021259996099083283,0.013781150790030273 0.19841821857945557 25
0.01721876718703727,0.013607554252671992 0.20110968919066924 25
0.01736881005173688,0.013653601960585742 0.16968697296947508 25
0.019700785068878686,0.013782025474067755 0.22071938585553746 25
0.018123324396782842,0.014062472017983696 0.15871778158518884 25
0.01772290309353501,0.013798143624408832 0.21021736556721532 25
0.01830195854725233,0.013773121999330522 0.18655722760990348 25
0.019364470036255067,0.01361455398728962 0.2046468313648673 25
0.016626979153611565,0.013814289401197735 0.15407101573995113 25
0.01631663974151858,0.013738209959384252 0.16892892808603932 25
0.01596709810088303,0.013626979608761889 0.1636533114110675 25
0.015995587424158852,0.013681713423234718 0.20137776775407376 25
0.0198642077254794,0.013758253125635106 0.1985387438098362 25
0.01770142551302804,0.013799172287177797 0.20777783474598036 25
0.01828879627359647,0.01356777126833303 0.13306795690472858 25
0.016687584251382885,0.013559379921850962 0.121094725499566 25
0.014709688551462341,0.013643317357708004 0.1799573258882701 25
0.016018306636155607,0.013537621142963066 0.1412464456055047 25
