0.02409519577346566,0.013168530603831568 0.3480098753256382 2
0.024718498659517425,0.013257397183999889 0.5526827867006484 2
0.02569593147751606,0.013482297172404812 0.616535034718119 2
0.025955504848830576,0.013375226143248844 0.34963766952985786 2
0.02473875026658136,0.013600171134125212 0.5097831702792387 2
0.02552533734386097,0.01337018218294481 0.44534397540400594 2
0.023626817447495962,0.013531716336440019 0.47852576139507047 2
0.023628079512922867,0.013501990581070988 0.42787891155604363 2
0.02448131019559591,0.0132172360380827 0.48723829915861616 2
0.025277548398935683,0.013273804449641895 0.2992343063986443 2
0.023445250900736254,0.013272337823528104 0.3884594465407489 2
0.02382936994361363,0.013486146437170108 0.4200012842063259 2
0.02338121136057268,0.01372898955828379 0.3112259018769677 2
0.024286084030713483,0.01366646130837824 0.24118084601348053 2
0.023179930502584965,0.01367635027438639 0.22749741589867492 2
0.022884848484848484,0.013611610480122032 0.3775681975686957 2
0.025468295014994133,0.013503962823382594 0.28548962982488446 2
0.02490496149722195,0.013564223343604976 0.40683617647655085 2
0.027640577507598785,0.013359078506309869 0.2758793153047655 2
0.022005639328184383,0.013510444331711106 0.47379830205211027 2
0.02740867632760776,0.013738427610694139 0.3429962023832832 2
0.026933382611105977,0.013915211223891189 0.5054297729420179 2
0.026131887679471433,0.013886574977189502 0.2673050110330941 2
0.026752088654170815,0.013710839729339796 0.34636610532469103 2
0.024396305347305636,0.013718148192202254 0.3565965090600286 2
0.024990901370860123,0.013683556813868064 0.48935177000195457 2
0.027221812182520733,0.013638880536830785 0.3140694967488406 2
0.024673298225082893,0.013319162162390716 0.531036311400438 2
0.023395523966662436,0.01346479684458491 0.3793831136213354 2
0.024528824833702882,0.013184936177907522 0.324500213171492 2
