0.004896969696969697,0.013462291510017108 0.07893015796880598 1
0.004563431700638881,0.01316089559173504 0.13319257478718652 1
0.0048737693732332586,0.013340816159218094 0.1953176975310932 1
0.005414133738601824,0.013215042633831144 0.1339190826398463 1
0.005823219320828736,0.01326750053191231 0.06376262856843296 1
0.0069910644011296815,0.013526468134373124 0.16016964969925837 1
0.0056361452462348706,0.013613769698347515 0.14928255481361316 1
0.005082376858244039,0.013552943435301026 0.13186945937231473 1
0.005843902861347994,0.013502475536773457 0.27290649150786794 1
0.004763285424346601,0.013523044802616202 0.07646577137600785 1
0.004973917263132355,0.013404625645891701 0.21298284001332565 1
0.004515260712890201,0.013505480222518159 0.11971133263044981 1
0.004534815681685196,0.01307347297852675 0.1328671849589934 1
0.004865253627786944,0.013221086029796051 0.16273223195746578 1
0.004526977087952698,0.013069511512561322 0.08702064149236514 1
0.005678171135140473,0.012939417911806203 0.1114946869947459 1
0.005630026809651474,0.01303444192574037 0.10320310615756591 1
0.004829377192582806,0.013180240309629332 0.2570842054450513 1
0.004420992584141472,0.013140536735898493 0.1771766869843443 1
0.006355299637449349,0.013308639473212213 0.09637339757394474 1
0.0036763169987884866,0.013155760198769793 0.12494052602421865 1
0.0051292407108239095,0.013202195469358196 0.22669807364891212 1
0.004394984073222854,0.013230817273441147 0.07616746292918526 1
0.004582290296576011,0.012980923199681011 0.1585429051380222 1
0.005046334526103312,0.013031420734174792 0.12796767472803408 1
0.005117226254503681,0.0130129890810449 0.06647545163216885 1
0.005687668546212307,0.01321451805098065 0.10840539787097682 1
0.005020220331892344,0.013399554366606583 0.1564200518951827 1
0.003580364075575878,0.013383702798556137 0.29798448842070424 1
0.004195270785659802,0.013323956063455999 0.10253798602420731 1
