0.00804819039154693,0.012251622309053512 5.829129915480552 20
0.007184986595174263,0.01235449896687989 4.817687509446197 20
0.00861087065469953,0.012353876811332933 5.2517648885955985 20
0.007606008746910059,0.012325580644504232 5.990192754748509 20
0.008317338451695458,0.012386475528133642 6.05461185245311 20
0.00835526590633747,0.012387859597217122 6.42578424577434 20
0.00815831987075929,0.012325816134790179 6.482941349227115 20
0.008991572920446757,0.012293687480164968 6.204069736625227 20
0.007085578514149943,0.012344457239992895 6.0389912882157715 20
0.006193228736581338,0.012329325305271997 6.188368782654109 20
0.0075714061928881,0.01228219297964883 5.7581291690914975 20
0.00823731306692817,0.01220469986835442 5.792879839173685 20
0.005578022590991494,0.012245902362803792 6.397772999277698 20
0.0076783711500301955,0.012170153010492254 6.334471464733061 20
0.006737859140605136,0.012138248889304015 5.668422437422668 20
0.008775757575757576,0.012369000047530323 5.079975508995432 20
0.0069972619409796166,0.012324770558046606 6.142040302258189 20
0.007895506384637879,0.012515260671884392 6.396499505216103 20
0.007361322188449848,0.012327185270017754 5.186847742952163 20
0.007968615912713008,0.01239463013030608 4.239387109153616 20
0.008055928515209037,0.012450227487957368 5.172115361029488 20
0.005451353598817333,0.012475359630830771 5.461797373441921 20
0.006522383634746516,0.012445880467160851 5.708124049113458 20
0.00735898878836414,0.01240587548041899 5.569558751256673 20
0.006585759847574866,0.012354500999780886 5.961874983346608 20
0.005944437704719156,0.012276091006138726 6.150652419363998 20
0.005947987669864976,0.012372220059113639 6.275039124145523 20
0.006192705285742149,0.01232319621436231 5.345314899793421 20
0.007530566484748488,0.012197392909584348 5.722719013501767 20
0.007529563932002956,0.012192445944392722 5.866394290414924 20
