0.015701377573692787,0.014341275199050452 0.11417665241895472 7
0.0193029490616622,0.014463298543781571 0.1917117541912568 7
0.017677342931340836,0.014745313278401706 0.15120238802783895 7
0.017113519680547633,0.014686377991673837 0.20652833044782276 7
0.016634676903390915,0.01453199528426162 0.18494017019719594 7
0.018966453607386056,0.014411046621006613 0.17519888156777705 7
0.017689822294022616,0.014337707678571832 0.13289594380051029 7
0.016612233377686383,0.014561865566519387 0.11575450100860712 7
0.017777589206160634,0.014579269198660575 0.14247021657983977 7
0.016240022020368842,0.014554046548352564 0.11018126153029388 7
0.015508328546812177,0.014640034921480973 0.1064343910450271 7
0.01627849963226281,0.014511540959132263 0.12352313316669812 7
0.01705945242411565,0.01449257888088313 0.1028955029637538 7
0.019497886291087913,0.014408390567608781 0.11255283569235203 7
0.018476142045936096,0.014198479062461005 0.08809551253843138 7
0.014593939393939393,0.01452444680419401 0.12871929774963056 7
0.015385284019296798,0.01466810860037558 0.11648427960213407 7
0.017594307437372062,0.0145450731608845 0.1314014879285532 7
0.017477203647416412,0.014364744512099986 0.11219108898338763 7
0.015201667279637121,0.01456414342038057 0.1134201165373984 7
0.018010093059863883,0.014707692584267226 0.11667064316749604 7
0.019079737595860666,0.014612671174939137 0.11069269415063424 7
0.016771843632205328,0.014586070984608616 0.11384441246193834 7
0.016059910826371152,0.014589401305057025 0.1269145324402246 7
0.01611233069626807,0.014566208140443055 0.11145272630626467 7
0.0177524364106919,0.014443928453066218 0.18161217657311604 7
0.01784396300959493,0.014433129290336908 0.1862305225971185 7
0.0186268773161693,0.01456209957587295 0.18027973482693221 7
0.017472606506747895,0.014370477318061745 0.13833217419805816 7
0.016167775314116777,0.014516494323067047 0.102014687512165 7
