0.008838196810349084,0.013475127363088814 0.9501534239042047 40
0.008150134048257372,0.013414035390112556 0.9455261068112001 40
0.009704314547359788,0.01332524034531432 1.1559249091827815 40
0.010791024909678646,0.013351057291946682 0.9055122511276905 40
0.007378972062273406,0.013240269972960817 0.9179993099563247 40
0.009733884780883151,0.013539574623521518 0.8916043561418513 40
0.009450726978998384,0.01320773756696019 0.8704309320098654 40
0.007902907140841095,0.013406601633387357 0.8900712304867574 40
0.00874029445458017,0.013537811183713586 0.9364980450761994 40
0.010230296357463987,0.013402906733816172 0.8774622830880718 40
0.009764503159103963,0.013539317860232936 0.7950069499449244 40
0.009463103701887717,0.013315435564131247 0.8479491376973209 40
0.008971319667177985,0.013338865295867476 0.8654944914803857 40
0.009188163230092312,0.013490635097158282 0.90832074270865 40
0.008941435714891092,0.01349405187541173 0.9356424119931215 40
0.0074181818181818186,0.013126454540889666 1.0397199960213452 40
0.00917032465556956,0.013379494362460682 0.9618397910969596 40
0.009308899502875523,0.013308437420052067 1.0207696047369708 40
0.008263677811550152,0.013504298623871732 1.0629948688043769 40
0.008520289322054677,0.013308685786505748 1.021734838586955 40
0.008843001990832908,0.012982661600348165 0.9598184681074158 40
0.008454217869352305,0.01289203482865454 1.0251906143695104 40
0.008385921816102664,0.013068039946542414 1.037750861548488 40
0.007055971602960911,0.013238350896227912 1.1873915936805786 40
0.008656753510334259,0.013230959789893602 1.1209306760990083 40
0.00934125925027296,0.013214766154884136 0.9291076786084189 40
0.009160769330959927,0.013477298943269166 0.9440879014951662 40
0.008484493856056173,0.013524545472917681 1.0125111252013617 40
0.009772813808858992,0.013635099317381752 0.8917038326891527 40
0.007483370288248337,0.013552972872475075 0.9185054576751136 40
