0.004121212121212121,0.013378454436757182 0.06885084330698685 3
0.003737667869094702,0.013500529420818337 0.08349097532678508 3
0.0040452285797836045,0.013533649283985144 0.06167352808459702 3
0.0036569148936170214,0.0133849099177931 0.080893397030632 3
0.005026357729557436,0.01343675212071012 0.17320998985748653 3
0.00476873929348581,0.013580048342462634 0.1392230824764273 3
0.004111614155040192,0.013604202556651752 0.03936868507871234 3
0.004235314048536699,0.013516360759529196 0.05107684791490808 3
0.0033331890394355224,0.013540968123486265 0.11351032131208193 3
0.003106490494139088,0.013402854359081272 0.06253671614671638 3
0.002951999676493186,0.013425786186850001 0.040376765757427775 3
0.0028654539139495506,0.013412306672364009 0.039411595824277015 3
0.0035595865028281645,0.013576929847397452 0.08247115158564935 3
0.003046071836527478,0.013296685892126315 0.029154216905701292 3
0.0040650406504065045,0.013279277964357034 0.0858903321275593 3
0.0031106502740334764,0.013259306585656952 0.06439072281730866 3
0.004128686327077748,0.013455279345954859 0.14078015717435932 3
0.003325891840174951,0.013522676159834672 0.06906567021236414 3
0.00289979083475946,0.013583823562648633 0.06398524576786349 3
0.0031563233098741736,0.013485509368950908 0.12919195707447784 3
0.00267368509002799,0.013497528420463489 0.02795467084659293 3
0.002504038772213247,0.013343676618031751 0.04373285939428812 3
0.0034676021128180316,0.013452597396498739 0.07999308410913744 3
0.0036488607917179346,0.013411558123606252 0.050882838369330684 3
0.0033948068630149553,0.013404621242238207 0.014504814558381218 3
0.003968461176962038,0.013428022993052529 0.046443749406788776 3
0.003334150527089973,0.013308099852812946 0.043593387560318414 3
0.0030214289034537255,0.013241509614083482 0.03814557565893893 3
0.003623500992149081,0.013303685353895572 0.005474381500160877 3
0.002627341300110179,0.013228161707667016 0.04184553354679161 3
