0.002084848484848485,0.012514029477824888 0.03744929650901638 2
0.0017384501716719545,0.01220411550935033 0.07848613540207779 2
0.001998245443025636,0.012268911327046852 0.0009024460509230758 2
0.0019946808510638296,0.012181649881098636 0.002335913784011038 2
0.0017776143189898246,0.0123428673368985 0.01639344262295082 2
0.0018056391499606463,0.012433491547639565 0.04169116686266823 2
0.002032708121592904,0.012526815377351435 0.0557189232879072 2
0.0018211850408707806,0.012494264546122824 0.0626874290526206 2
0.002207696636509242,0.01248034530026092 0.039133381468240525 2
0.001988153916249016,0.012420065771778647 0.015439029531273556 2
0.0021027942901047352,0.01238215137412612 0.08282942993733683 2
0.0017800547041201755,0.012430102056412724 0.06113513679303153 2
0.0021455041934854693,0.012197701306074275 0.001173734952850074 2
0.002157634217540297,0.01224485000240005 0.02937587106728622 2
0.00217110125646711,0.012256029813278169 0.000815074994122303 2
0.0030118994716832074,0.012110295932545269 0.023130975092569613 2
0.0024664879356568366,0.012200457923828194 0.012323785792728442 2
0.0018224064877670964,0.012304374950590422 0.00871465154121496 2
0.002044114850732078,0.01229689306121278 0.06635369908692085 2
0.002431222008957134,0.01238034629031162 0.029629969084266877 2
0.0017546058403308685,0.012228041446013934 0.022560545698934304 2
0.0018982229402261712,0.01231298143780485 0.028055889210977705 2
0.0024998991976129996,0.012326367008186312 0.02181128676846343 2
0.0018668590097161526,0.012174285116989505 0.0472890457627768 2
0.0031654280209193505,0.012140382661159292 0.019628030316306392 2
0.0022453135606495746,0.01214003336950206 0.027931170657206055 2
0.0026477077715126255,0.012264357140674352 0.0021745913956818796 2
0.0028354948170873427,0.012415662357420879 0.007499332998044507 2
0.0030195841601242343,0.01236722395719712 0.00011911299996467448 2
0.0022035765742859565,0.012262837136724871 0.02102677315759125 2
