0.008436363636363636,0.015343161310149542 0.0712109681506474 6
0.006388804380894433,0.01519718623952208 0.06405972855354801 6
0.006433375572667902,0.015042695085026097 0.05008628868280997 6
0.007218844984802432,0.015093110822983776 0.0803235099177565 6
0.006497486821135222,0.015533424723421046 0.0992287782332372 6
0.006944765961387101,0.015252695943306705 0.082679864662301 6
0.006051926452924327,0.015108032979844433 0.07711801240348004 6
0.006395324213290416,0.014912017706088087 0.06443226631486698 6
0.006752954417557681,0.014801876050403194 0.060668009161905484 6
0.005550263016195171,0.015066222626616473 0.05478611853507691 6
0.006672328035909256,0.014918685697468953 0.05929372558690001 6
0.005730907827899101,0.015038280902448565 0.07613980289575395 6
0.006192705285742149,0.015223962329108049 0.09367374274905574 6
0.004992173287642255,0.01499772870234687 0.0518850825440057 6
0.004988913525498891,0.014965437896959696 0.05592241814681074 6
0.0054312941292648,0.015237858237094006 0.0337696119839113 6
0.007828418230563003,0.015259820553535976 0.08286255369679309 6
0.006105061734019773,0.015039536010821234 0.07874646290493455 6
0.005656969005514357,0.015101825713118194 0.061915254032018065 6
0.00473448496481126,0.015042599342405559 0.07841709300348229 6
0.005639804486777792,0.015059537796809233 0.0742614778016047 6
0.0056138933764135705,0.01494951869712622 0.06471466074900781 6
0.006007822265231241,0.014948045485566039 0.07003709868075404 6
0.006406720692434979,0.01504015870270691 0.07148021986111053 6
0.006973116799706395,0.015198289937420619 0.04702874166860149 6
0.00657929089864759,0.015146238092472912 0.04558878483223892 6
0.0065212061779848,0.014905598013248119 0.038602684261438196 6
0.005670989634174685,0.014854861178776454 0.042422950764464354 6
0.006341126736260892,0.014907606211309214 0.03018070657193913 6
0.0055936943808797355,0.014825844040998739 0.05260692415622678 6
