0.002419394657581593,0.01351219790873479 0.02769652971780356 4
0.00257372654155496,0.013710475668644969 0.0353116727066301 4
0.0023691284340972255,0.013435552812716373 0.016289416337112058 4
0.002139189960068454,0.013405946571715222 0.016824778964022197 4
0.0027724461505651524,0.01337768291325647 0.01374844990483785 4
0.002924343067218114,0.013345458834400224 0.007728889955656388 4
0.002504038772213247,0.013367035308300737 0.017475082214968768 4
0.0021370106044111123,0.013179736160586828 0.009558672158667679 4
0.0022487165344308203,0.013225268986243257 0.011350733519162342 4
0.0032571795577575925,0.013425328310488517 0.02354795369721295 4
0.0025586131272518405,0.013385971706188488 0.02476186462117839 4
0.002402549644520716,0.013221802568714457 0.02133457091554935 4
0.002184725514805002,0.013139755771745934 0.019854541590731176 4
0.001984298162367354,0.013119991641785948 0.030119324130096135 4
0.002500211882362912,0.01309880141248214 0.015011086481234493 4
0.0023272727272727273,0.013772768440495893 0.024098390054723903 4
0.002259985223173541,0.013523678582279847 0.017770337773337804 4
0.0024368846866166293,0.013427497136960708 0.01652300446802315 4
0.002137158054711246,0.013594142352258465 0.010768122283577167 4
0.002206693637366679,0.013786199246531319 0.017458550682813816 4
0.0027316079448122597,0.01356158241498247 0.016128192971748275 4
0.0022174997690104408,0.013458383856645585 0.014558640855974369 4
0.0017364787599000466,0.013333966062587023 0.01795717068398183 4
0.002121120297822605,0.013222885432193786 0.01627914236051169 4
0.002319512902290519,0.013379137299779228 0.006754264551567537 4
0.0021432326418375186,0.013308904026171185 0.014080496537405333 4
0.0021707984196587503,0.01339427474347461 0.010518062479602412 4
0.00248683440608543,0.013641921398484273 0.024454353598126033 4
0.0026653128569615434,0.013190100298843377 0.05878076299353387 4
0.0027254249815225427,0.013370599365381998 0.0165548452561185 4
