0.009282575420925296,0.012537718861512994 0.6313953691428255 23
0.009436997319034853,0.012613718295076768 0.5203678572833528 23
0.009613194222971433,0.01229484255394223 0.5532619626283146 23
0.009840273816314889,0.01219916597334065 0.5337894974264449 23
0.008829174664107486,0.012101761753064336 0.552081287432076 23
0.00835526590633747,0.01220737932864363 0.494799037325476 23
0.007835218093699515,0.012058351591557102 0.5151507309333063 23
0.008427079553243821,0.012352873796636622 0.5816305296182697 23
0.008994866137723281,0.012299757781041032 0.5073391797189097 23
0.009266905220662446,0.012442306665598082 0.4794076375404028 23
0.009242337214766853,0.012449106481193364 0.5126885160369328 23
0.008727629320911989,0.012232259346122647 0.41024356224827235 23
0.008320550364895644,0.01213811307919551 0.4841025067594435 23
0.009231300146665516,0.012305932252550755 0.5285943365946568 23
0.008983812187473515,0.012180636561964628 0.5118009999156617 23
0.008872727272727273,0.012425644129156593 0.5608075531124365 23
0.010213394758572733,0.012282059027659173 0.5572225480545998 23
0.008626571790622867,0.012342009957177389 0.5948583143077331 23
0.009878419452887538,0.012562672955195859 0.5773989367713666 23
0.011585141596175064,0.012634893737887861 0.592607928576108 23
0.01023195518311033,0.01217558154049639 0.4822269984709338 23
0.008916196987896146,0.012022478436657335 0.4965644053141917 23
0.011011816526195418,0.012014133096180735 0.5051639994533871 23
0.009783126271589974,0.012002221073784203 0.5055551232459329 23
0.008159715031272004,0.012083065718329159 0.6108218476946595 23
0.009179505843341826,0.01203180603984048 0.5869661733850344 23
0.009160769330959927,0.012270906092825804 0.5318094399992229 23
0.009069631363370393,0.012429091087075222 0.51742899847719 23
0.008461310657020773,0.012514712398023637 0.5167999669625027 23
0.01016260162601626,0.012319798418220956 0.5087398730940654 23
