0.0021231422505307855,0.01210111421434002 0.047213898846097405 8
0.002037533512064343,0.01220783307325915 0.053550812262979475 8
0.002186887785320516,0.01202410747169726 0.04158071557065164 8
0.002186727514736642,0.011915433550746464 0.03348075197942324 8
0.001834079761143101,0.011805937537937513 0.051460588462007115 8
0.002423027112837866,0.01185256205069241 0.04476147071247555 8
0.0020193861066235864,0.011806463649200195 0.05736513674771358 8
0.0024998991976129996,0.01185103665617426 0.05696286505069538 8
0.0015698587127158557,0.011960362348046906 0.055162057653604595 8
0.002156161115698688,0.012069912978642029 0.05379121731384923 8
0.0012531982664090648,0.012116412245199546 0.06717977312517202 8
0.0016670752635449865,0.011928216960031945 0.0471600437810147 8
0.0017663738204806397,0.01178385540491334 0.057009849746242576 8
0.0026744888275386076,0.01185832217919705 0.05853626077021917 8
0.0020340706839562673,0.01178893863199499 0.08873600346462429 8
0.001696969696969697,0.012131724371156593 0.05759795190628497 8
0.0016949889173801555,0.012043650962299653 0.04032107550614347 8
0.0017545569743639732,0.011957540731437103 0.049302773515326 8
0.0016622340425531915,0.012260401811957118 0.06254539610727894 8
0.001716317273507417,0.012336865772953126 0.060223720326802975 8
0.0013889531922774202,0.011974232696434444 0.045830640465845826 8
0.0019403122978841356,0.011823974692434376 0.043718573674737755 8
0.0014823599169878447,0.011890625836023577 0.04667076493153048 8
0.0017748149430760573,0.01177782537971052 0.04293712284506055 8
0.0016982148034627015,0.011881937395125249 0.04188839105258716 8
0.0015770957175785514,0.011834818571768428 0.03707774282269267 8
0.0019971345460860503,0.011928643418272097 0.05333651480327472 8
0.0020967427345426177,0.012064996464232966 0.05101249241424962 8
0.0019461014511147777,0.012032917986459678 0.04858207916863326 8
0.0026792313377679232,0.012039822234001836 0.05808481202679356 8
