0.009793939393939395,0.012289186931360881 0.365731243615283 8
0.01064800730149072,0.012481271525969978 0.5723358451112891 8
0.009113948727946193,0.012544006751219992 0.5852283180583944 8
0.009688449848024316,0.012626700755577482 0.5825666995426126 8
0.008765477503984308,0.012154327911681194 0.5489360249060109 8
0.009815269225427104,0.01229777524445223 0.44287991373918445 8
0.009008592811604916,0.012388015746770557 0.5975977933884826 8
0.010418872559400279,0.012401257823713473 0.5839654846797782 8
0.009177091900783516,0.012580842996960037 0.5988803832599718 8
0.009733670214969143,0.01266072346889523 0.4350693520808108 8
0.008936875732945125,0.012662831978177587 0.7434619772533672 8
0.009377849172925803,0.01261437713050856 0.5513774937029514 8
0.010093622001170276,0.012627576387676642 0.6190648060054231 8
0.01116893006726742,0.012602198846011402 0.6224350039934218 8
0.01090169992609017,0.012515752281929174 0.9166064529572708 8
0.009183824618575026,0.0125785012272334 0.7675039932637012 8
0.010134048257372654,0.012382916800596673 0.5530593389336269 8
0.009112032438835483,0.012390845363522567 0.5773339880830864 8
0.009507510933637574,0.012432797924352014 0.5506036124943019 8
0.008658562593303476,0.012559019425459705 0.635099500432729 8
0.009525003133224715,0.01262311983122919 0.5218110976715017 8
0.008925686591276252,0.012829845820696326 0.5294078786395369 8
0.00858836337244466,0.012731190455118243 0.5536178662573438 8
0.010607153464296321,0.012733351796130048 0.5185539146091385 8
0.011056060189008166,0.012380028210970749 0.5657352663876023 8
0.009033470837032008,0.012574005593567843 0.5269151129113191 8
0.010394704584456975,0.012639636739503624 0.5839605875204736 8
0.009947473620601497,0.012651370761972178 0.6496758862312033 8
0.008282287982055042,0.012611614819532841 0.5356212555475108 8
0.009873718111704382,0.012853786573701391 0.6873484257582666 8
