0.011652594677331754,0.01210697219155379 0.45345780397515656 4
0.010402144772117962,0.012031154029521351 0.68351590576296 4
0.012073442981457015,0.012051432552639914 0.6825373102002801 4
0.011551625784369652,0.012156893040865273 0.9477940189643551 4
0.011857538920878652,0.012179542594366065 0.8489640255233575 4
0.012658227848101266,0.012241997856316165 0.8738923933111037 4
0.012883683360258481,0.012296870938763959 0.7595566950477666 4
0.013910729406072336,0.012208982495947023 0.8055488843597466 4
0.013322584751156179,0.012222381636577047 0.5976049061462823 4
0.010230296357463987,0.012093485377237489 0.41161512813350815 4
0.012584199258524359,0.012011012536620921 0.37970526080465933 4
0.013483696984555038,0.012189300304024504 0.49271821631884893 4
0.012597034351322456,0.012253178680656859 0.475679707494786 4
0.012078336640496937,0.012213278312886313 0.374971387788129 4
0.012162047631155182,0.012433343479018527 0.3774752956986163 4
0.010812121212121212,0.012105040251686015 0.5648503859498379 4
0.01260376374462167,0.012297880093461631 0.5096100242291784 4
0.01354907885758846,0.01213763240232139 0.7268322073293496 4
0.012253039513677812,0.012187280282995495 0.4900539395616214 4
0.01201422091455192,0.011836516867571091 0.5614519819578249 4
0.010833834899763879,0.012206509112730041 0.40490413998958696 4
0.011457082139887277,0.012292913552437052 0.452005694404116 4
0.011943585616873491,0.012322753645858999 0.4212918825369842 4
0.011731093892039305,0.012273041656724652 0.34488497225949366 4
0.011017686285879966,0.012410662036619622 0.40778915322134573 4
0.011686683650774394,0.012286286798888404 0.6020756477367302 4
0.013241870359918377,0.012295330266173642 0.5552883362266565 4
0.011751511605227229,0.012197520741314322 0.5467195387731468 4
0.012395820112535432,0.012267366259801075 0.4419072045837175 4
0.011686991869918699,0.012112740928449658 0.41478426702354176 4
