0.0013396156688839616,0.011983391521350348 0.007493105897455782 4
0.0012343850293783636,0.012084232546774014 0.007430952587579794 4
0.0019839142091152813,0.012158038325053782 0.006913218445895771 4
0.0015946056767962094,0.011977140049064233 0.009436010257691524 4
9.032135386955695E-4,0.011922282095151464 0.0031669608472964642 4
7.251013009170399E-4,0.011838634545195337 0.014685702561793355 4
0.0010444082382921837,0.011845873898854348 0.006363333074073545 4
0.0012520193861066235,0.01181920975748105 0.007919524138365231 4
0.0011693076892060803,0.011725416087701763 0.007145505748387951 4
6.788578217149646E-4,0.011937318258484812 0.005150060808305883 4
8.257638315441783E-4,0.011985069189411833 0.00920039784245384 4
0.001670931021878753,0.011868993423624257 0.00635682951318585 4
9.80632507967639E-4,0.011822387989737403 0.004825363082894512 4
7.902198670571282E-4,0.011658235404942553 0.002372515385345755 4
6.470537485980502E-4,0.01176050925700289 0.0009321442151541442 4
8.475294516484447E-4,0.011684739186257717 0.006655826982942321 4
9.212121212121212E-4,0.012056796218351743 0.011596697645241915 4
8.257638315441783E-4,0.011971348044590931 0.006568083570358151 4
0.0011209669558436494,0.01186203137407032 0.005630204159954612 4
7.598784194528875E-4,0.012101431088022344 0.003550495272437379 4
8.581586367537085E-4,0.012143321675706796 0.010139258767974809 4
0.0015278485115051623,0.011920226856739507 0.024455641236450953 4
7.391665896701469E-4,0.011875146572812616 0.009362609845711762 4
8.047096692219728E-4,0.011809737652609974 0.010169703907419886 4
0.0011254924029262803,0.011747839032519561 0.009089050851645393 4
7.455577185933811E-4,0.011909745131566368 0.007243256425258118 4
0.0011727122002507177,0.01175518446335473 0.017296382726547196 4
0.0010853992098293751,0.01187325622425744 0.003825078392259167 4
9.264677199141799E-4,0.012015223884415208 0.005408800415041512 4
9.730507255573888E-4,0.011877293478156198 0.007776470645438352 4
