0.003308151878734015,0.012763207084356189 0.12612624502323683 2
0.0021983914209115283,0.012621543984192603 0.13417118251771196 2
0.002414688596291403,0.012688456894174126 0.16459118903513498 2
0.0030424034987640235,0.012667829421541911 0.14831722647795353 2
0.002601834079761143,0.012796410886472329 0.06315983976455243 2
0.00267368509002799,0.012875894264845464 0.1285133188181223 2
0.0030290791599353797,0.012976420227577693 0.17130240913802935 2
0.00241925728801258,0.012978941787597877 0.13156143899810063 2
0.0022911451482880056,0.012972223538937183 0.14160950937172942 2
0.002477291494632535,0.012753969593110185 0.11439715194333748 2
0.0023497467495169964,0.012815109084521976 0.2202367978402319 2
0.0026477077715126255,0.012958980095475981 0.13794852526016677 2
0.002324176079579789,0.012955758450694667 0.08511549629547908 2
0.002286256578379777,0.01288840193958786 0.07293724134900328 2
0.0030934824985168236,0.013093821064185567 0.16152611065371414 2
0.0023272727272727273,0.012672005641917825 0.10657327427414828 2
0.0027815202746751273,0.012854837511308169 0.06511468263931787 2
0.0019495077492933035,0.012887652777280757 0.06498420299154148 2
0.0026595744680851063,0.012843711870763134 0.10324976734869167 2
0.0014098320460953781,0.012498788512839976 0.15562799198395158 2
0.0022223251076438724,0.012728707057225916 0.06856960437523593 2
0.002309895592719209,0.012773211065702743 0.04769578840328212 2
0.0022870695862098173,0.012850692326047092 0.1061248269256865 2
0.0020778321284792866,0.012871465441829443 0.07166594834940868 2
0.0029408110011183365,0.012969560145471003 0.08637295947728003 2
0.0028711229730276192,0.012835338672716856 0.12178631827243706 2
0.0024747101984109753,0.012961099202659613 0.0696776860691383 2
0.0024380729471425787,0.01286083994795346 0.0832137883194385 2
0.0028768456233870627,0.013016084122288225 0.09545026838542113 2
0.001893939393939394,0.012880477093304176 0.10465501454181197 2
