2015,1,1,0.014157575757575758
2015,1,2,0.011975757575757575
2015,1,3,0.011636363636363636
2015,1,4,0.0074181818181818186
2015,1,5,0.00543030303030303
2015,1,6,0.01823030303030303
2015,1,7,0.012266666666666667
2015,1,8,0.033212121212121214
2015,1,9,9.212121212121212E-4
2015,1,10,0.004993939393939394
2015,1,11,0.004412121212121212
2015,1,12,0.001696969696969697
2015,1,13,0.003684848484848485
2015,1,14,0.008872727272727273
2015,1,15,0.015078787878787879
2015,1,16,0.01183030303030303
2015,1,17,0.007078787878787879
2015,1,18,0.0023272727272727273
2015,1,19,0.01953939393939394
2015,1,20,0.008436363636363636
2015,1,21,0.010472727272727272
2015,1,22,0.018375757575757577
2015,1,23,0.03296969696969697
2015,1,24,0.024969696969696968
2015,1,25,0.06967272727272728
2015,1,26,0.02661818181818182
2015,1,27,0.019733333333333332
2015,1,28,0.027781818181818182
2015,1,29,0.029624242424242424
2015,1,30,0.014593939393939393
2015,1,31,0.008242424242424242
2015,1,32,0.025745454545454547
2015,1,33,0.007612121212121212
2015,1,34,0.004363636363636364
2015,1,35,0.009793939393939395
2015,1,36,0.0023272727272727273
2015,1,37,0.003006060606060606
2015,1,38,0.010812121212121212
2015,1,39,0.005527272727272727
2015,1,40,0.009987878787878789
2015,1,41,0.005575757575757576
2015,1,42,0.014254545454545454
2015,1,43,0.03927272727272727
2015,1,44,0.021333333333333333
2015,1,45,0.004896969696969697
2015,1,46,0.019296969696969698
2015,1,47,9.696969696969697E-4
2015,1,48,0.005090909090909091
2015,1,49,0.028703030303030303
2015,1,50,0.005042424242424242
2015,1,51,0.008484848484848486
2015,1,52,0.006351515151515151
2015,1,53,0.016096969696969696
2015,1,54,0.0048484848484848485
2015,1,55,0.002084848484848485
2015,1,56,0.008775757575757576
2015,1,57,0.004121212121212121
2015,1,58,0.011393939393939394
2015,1,59,0.004266666666666667
2015,1,60,0.0062545454545454545
2015,1,61,0.01818181818181818
2015,1,62,0.0033454545454545456
2015,1,63,0.009260606060606061
2015,1,64,0.0037818181818181818
2015,1,65,0.006981818181818182
2015,1,66,0.02375757575757576
2015,1,67,0.025357575757575756
2015,1,68,0.026424242424242423
2015,1,69,0.022884848484848484
2015,1,70,0.010036363636363637
2015,1,71,0.02976969696969697
2015,1,72,0.0029575757575757574
2015,1,73,0.010472727272727272
2015,1,74,0.0016
2015,1,75,0.007951515151515152
2015,1,76,0.007224242424242424
2015,1,77,0.0074181818181818186
2015,2,1,0.014956479097707491
2015,2,2,0.013485350006129704
2015,2,3,0.012749785460340812
2015,2,4,0.006742675003064852
2015,2,5,0.00570062522986392
2015,2,6,0.01710187568959176
2015,2,7,0.013791835233541744
2015,2,8,0.03273262228760574
2015,2,9,8.581586367537085E-4
2015,2,10,0.0046585754566629885
2015,2,11,0.005394140002451882
2015,2,12,0.001716317273507417
2015,2,13,0.003739119774426873
2015,2,14,0.011585141596175064
2015,2,15,0.014343508642883413
2015,2,16,0.014282211597401005
2015,2,17,0.00680397204854726
2015,2,18,0.002206693637366679
2015,2,19,0.018940787054063993
2015,2,20,0.006497486821135222
2015,2,21,0.010052715459114871
2015,2,22,0.01986024273630011
2015,2,23,0.033652077969841855
2015,2,24,0.025683462057128847
2015,2,25,0.0688365820767439
2015,2,26,0.025683462057128847
2015,2,27,0.020840995464018634
2015,2,28,0.026235135466470515
2015,2,29,0.029483878877038128
2015,2,30,0.015201667279637121
2015,2,31,0.010297903641044501
2015,2,32,0.024334927056515875
2015,2,33,0.007171754321441706
2015,2,34,0.003739119774426873
2015,2,35,0.008765477503984308
2015,2,36,0.0014098320460953781
2015,2,37,0.003126149319602795
2015,2,38,0.01201422091455192
2015,2,39,0.00490376363859262
2015,2,40,0.009194556822361161
2015,2,41,0.004413387274733358
2015,2,42,0.01250459727841118
2015,2,43,0.03585877160720853
2015,2,44,0.024334927056515875
2015,2,45,0.005823219320828736
2015,2,46,0.019492460463405664
2015,2,47,0.001471129091577786
2015,2,48,0.005210248866004658
2015,2,49,0.026541620693882554
2015,2,50,0.004842466593110212
2015,2,51,0.007294348412406522
2015,2,52,0.005332842956969474
2015,2,53,0.014527399779330636
2015,2,54,0.0046585754566629885
2015,2,55,0.0017776143189898246
2015,2,56,0.007968615912713008
2015,2,57,0.005026357729557436
2015,2,58,0.011278656368763025
2015,2,59,0.004842466593110212
2015,2,60,0.005271545911487066
2015,2,61,0.01875689591761677
2015,2,62,0.00435209022925095
2015,2,63,0.008520289322054677
2015,2,64,0.003248743410567611
2015,2,65,0.008520289322054677
2015,2,66,0.02415103592006865
2015,2,67,0.02556086796616403
2015,2,68,0.024396224101998282
2015,2,69,0.022005639328184383
2015,2,70,0.008765477503984308
2015,2,71,0.031322790241510357
2015,2,72,0.003739119774426873
2015,2,73,0.012872379551305628
2015,2,74,0.002513178864778718
2015,2,75,0.0071104572759592985
2015,2,76,0.008397695231089861
2015,2,77,0.008520289322054677
2015,3,1,0.013472845965090977
2015,3,2,0.011065327098476782
2015,3,3,0.012732070929209686
2015,3,4,0.00620399092550581
2015,3,5,0.004861336172970971
2015,3,6,0.01842677901754711
2015,3,7,0.014074725681744525
2015,3,8,0.03083476086855873
2015,3,9,0.0015278485115051623
2015,3,10,0.004907634612713552
2015,3,11,0.004027964257604519
2015,3,12,0.0013889531922774202
2015,3,13,0.0027316079448122597
2015,3,14,0.01023195518311033
2015,3,15,0.013195055326635492
2015,3,16,0.012083892772813557
2015,3,17,0.0062502893652483914
2015,3,18,0.0027316079448122597
2015,3,19,0.0191675540534284
2015,3,20,0.006944765961387101
2015,3,21,0.008333719153664522
2015,3,22,0.018102689939349045
2015,3,23,0.03421454696976712
2015,3,24,0.022362146395666468
2015,3,25,0.0656511875549794
2015,3,26,0.02606602157507292
2015,3,27,0.022223251076438723
2015,3,28,0.028242048242974212
2015,3,29,0.03324227973517292
2015,3,30,0.018010093059863883
2015,3,31,0.009352284828001297
2015,3,32,0.026529005972498725
2015,3,33,0.006065095606278068
2015,3,34,0.003750173619149035
2015,3,35,0.009815269225427104
2015,3,36,0.0022223251076438724
2015,3,37,0.003101995462752905
2015,3,38,0.010833834899763879
2015,3,39,0.0055095143293671005
2015,3,40,0.010139358303625168
2015,3,41,0.005416917449881939
2015,3,42,0.014537710079170332
2015,3,43,0.03699245335432196
2015,3,44,0.02463076994305292
2015,3,45,0.0069910644011296815
2015,3,46,0.018797166535487755
2015,3,47,0.0013889531922774202
2015,3,48,0.004629843974258067
2015,3,49,0.026343812213528404
2015,3,50,0.0038890689383767768
2015,3,51,0.007361451919070327
2015,3,52,0.0043983517755451645
2015,3,53,0.015185888235566462
2015,3,54,0.00481503773322839
2015,3,55,0.0018056391499606463
2015,3,56,0.008055928515209037
2015,3,57,0.00476873929348581
2015,3,58,0.011343117736932265
2015,3,59,0.0034723829806935507
2015,3,60,0.0069910644011296815
2015,3,61,0.018241585258576786
2015,3,62,0.003750173619149035
2015,3,63,0.008657808231862586
2015,3,64,0.003287189221723228
2015,3,65,0.008611509792120005
2015,3,66,0.022964026112320016
2015,3,67,0.028797629519885178
2015,3,68,0.026204916894300663
2015,3,69,0.02740867632760776
2015,3,70,0.007870734756238715
2015,3,71,0.029306912357053568
2015,3,72,0.0040742626973471
2015,3,73,0.012500578730496783
2015,3,74,0.0027316079448122597
2015,3,75,0.00750034723829807
2015,3,76,0.006805870642159359
2015,3,77,0.008843001990832908
2015,4,1,0.010948905109489052
2015,4,2,0.011087498845052203
2015,4,3,0.014367550586713481
2015,4,4,0.0061905201884874805
2015,4,5,0.0055437494225261015
2015,4,6,0.01834057100619052
2015,4,7,0.013674581908897717
2015,4,8,0.03215374665065139
2015,4,9,7.391665896701469E-4
2015,4,10,0.005266561951399797
2015,4,11,0.00397302041947704
2015,4,12,0.0019403122978841356
2015,4,13,0.003280051741661277
2015,4,14,0.008916196987896146
2015,4,15,0.01270442575995565
2015,4,16,0.010071144784255751
2015,4,17,0.006375311835905017
2015,4,18,0.0022174997690104408
2015,4,19,0.01778619606393791
2015,4,20,0.006051926452924327
2015,4,21,0.008361822045643537
2015,4,22,0.01857156056546244
2015,4,23,0.033077704887739076
2015,4,24,0.02420770581169731
2015,4,25,0.06814191998521667
2015,4,26,0.024531091194678
2015,4,27,0.020280883304074657
2015,4,28,0.03192275709137947
2015,4,29,0.03169176753210755
2015,4,30,0.019079737595860666
2015,4,31,0.007992238750808463
2015,4,32,0.026979580522960362
2015,4,33,0.005358957775108565
2015,4,34,0.003603437124641966
2015,4,35,0.009008592811604916
2015,4,36,0.002309895592719209
2015,4,37,0.0029566663586805876
2015,4,38,0.011457082139887277
2015,4,39,0.0049431765684191074
2015,4,40,0.010995103021343435
2015,4,41,0.005312759863254181
2015,4,42,0.014829529705257322
2015,4,43,0.034602235978933756
2015,4,44,0.022914164279774555
2015,4,45,0.0056361452462348706
2015,4,46,0.01778619606393791
2015,4,47,0.0015707290030490622
2015,4,48,0.0061905201884874805
2015,4,49,0.026425205580707753
2015,4,50,0.0049431765684191074
2015,4,51,0.008038436662662848
2015,4,52,0.005035572392127876
2015,4,53,0.014090363115587175
2015,4,54,0.004804582832855955
2015,4,55,0.002032708121592904
2015,4,56,0.005451353598817333
2015,4,57,0.004111614155040192
2015,4,58,0.011595675875450429
2015,4,59,0.003742030860205119
2015,4,60,0.005497551510671717
2015,4,61,0.019264529243278202
2015,4,62,0.003280051741661277
2015,4,63,0.009239582370876836
2015,4,64,0.0032338538298068925
2015,4,65,0.007114478425575164
2015,4,66,0.025039268225076225
2015,4,67,0.0318303612676707
2015,4,68,0.03247713203363208
2015,4,69,0.026933382611105977
2015,4,70,0.00840801995749792
2015,4,71,0.030074840617204102
2015,4,72,0.004111614155040192
2015,4,73,0.012011457082139887
2015,4,74,0.0024022914164279776
2015,4,75,0.007899842927099695
2015,4,76,0.00651390557146817
2015,4,77,0.008454217869352305
2015,5,1,0.014018889500656474
2015,5,2,0.011901232476388125
2015,5,3,0.013341239252890602
2015,5,4,0.006691796196687984
2015,5,5,0.004531786031934268
2015,5,6,0.019270678920841982
2015,5,7,0.014696539748422345
2015,5,8,0.033586040404896024
2015,5,9,8.047096692219728E-4
2015,5,10,0.004701198593875736
2015,5,11,0.0043623734699928
2015,5,12,0.0014823599169878447
2015,5,13,0.003345898098343992
2015,5,14,0.011011816526195418
2015,5,15,0.013341239252890602
2015,5,16,0.010800050823768583
2015,5,17,0.005675320825039177
2015,5,18,0.0017364787599000466
2015,5,19,0.01800008470628097
2015,5,20,0.006395324213290416
2015,5,21,0.007962390411248995
2015,5,22,0.016983609334632162
2015,5,23,0.031044851975774005
2015,5,24,0.02477658718393969
2015,5,25,0.065435602049892
2015,5,26,0.01956715090423955
2015,5,27,0.020880098259285926
2015,5,28,0.030748379992376434
2015,5,29,0.033162509000042355
2015,5,30,0.016771843632205328
2015,5,31,0.010503578840371014
2015,5,32,0.023294227266951843
2015,5,33,0.005971792808436746
2015,5,34,0.0038541357841683963
2015,5,35,0.010418872559400279
2015,5,36,0.0022870695862098173
2015,5,37,0.0037694295031976623
2015,5,38,0.011943585616873491
2015,5,39,0.005505908263097709
2015,5,40,0.009360044047266106
2015,5,41,0.005167083139214773
2015,5,42,0.013468298674346704
2015,5,43,0.03350133412392529
2015,5,44,0.02320952098598111
2015,5,45,0.005082376858244039
2015,5,46,0.019609504044724918
2015,5,47,0.0016941256194146796
2015,5,48,0.005590614544068443
2015,5,49,0.026258947100927535
2015,5,50,0.00393884206513913
2015,5,51,0.006988268180085553
2015,5,52,0.004955317436787938
2015,5,53,0.016433018508322392
2015,5,54,0.0043623734699928
2015,5,55,0.0018211850408707806
2015,5,56,0.006522383634746516
2015,5,57,0.004235314048536699
2015,5,58,0.009741222311634408
2015,5,59,0.004574139172419635
2015,5,60,0.0054635551226123414
2015,5,61,0.018804794375502944
2015,5,62,0.003176485536402524
2015,5,63,0.009360044047266106
2015,5,64,0.003388251238829359
2015,5,65,0.008512981237558765
2015,5,66,0.026089534538986065
2015,5,67,0.03371309982635212
2015,5,68,0.03333192156198382
2015,5,69,0.026131887679471433
2015,5,70,0.007750624708822159
2015,5,71,0.02858836982762272
2015,5,72,0.0056329676845538095
2015,5,73,0.0132141798314345
2015,5,74,0.0027529541315488544
2015,5,75,0.008216509254161196
2015,5,76,0.006395324213290416
2015,5,77,0.008385921816102664
2015,6,1,0.012899874464308904
2015,6,2,0.011254924029262802
2015,6,3,0.013679061512488638
2015,6,4,0.0077918704817973245
2015,6,5,0.005973767369377949
2015,6,6,0.02489069737240812
2015,6,7,0.013419332496428725
2015,6,8,0.03315873771698195
2015,6,9,0.0011254924029262803
2015,6,10,0.004372105103675166
2015,6,11,0.004069087918271937
2015,6,12,0.0017748149430760573
2015,6,13,0.0022509848058525606
2015,6,14,0.009783126271589974
2015,6,15,0.012293840093502446
2015,6,16,0.010865330505172936
2015,6,17,0.005973767369377949
2015,6,18,0.002121120297822605
2015,6,19,0.015627029132937967
2015,6,20,0.006752954417557681
2015,6,21,0.008311328513917146
2015,6,22,0.016406216181117702
2015,6,23,0.02891649712133674
2015,6,24,0.028310462750530282
2015,6,25,0.06519198303103761
2015,6,26,0.02099476213150946
2015,6,27,0.020302151422016364
2015,6,28,0.03138392277390589
2015,6,29,0.03229297433011558
2015,6,30,0.016059910826371152
2015,6,31,0.011687805722695987
2015,6,32,0.026492359638110904
2015,6,33,0.008744210207350332
2015,6,34,0.004069087918271937
2015,6,35,0.009177091900783516
2015,6,36,0.0020778321284792866
2015,6,37,0.0034197653781221594
2015,6,38,0.011731093892039305
2015,6,39,0.005194580321198216
2015,6,40,0.008830786546036968
2015,6,41,0.006103631877407904
2015,6,42,0.01445824856066837
2015,6,43,0.03441409462793819
2015,6,44,0.02294272975195879
2015,6,45,0.005843902861347994
2015,6,46,0.019090082680403447
2015,6,47,0.0013419332496428726
2015,6,48,0.005973767369377949
2015,6,49,0.025063850049781396
2015,6,50,0.0032899008700922037
2015,6,51,0.007012683433617592
2015,6,52,0.006103631877407904
2015,6,53,0.014025366867235184
2015,6,54,0.005324444829228172
2015,6,55,0.002207696636509242
2015,6,56,0.00735898878836414
2015,6,57,0.0033331890394355224
2015,6,58,0.010042855287649885
2015,6,59,0.004718410458421713
2015,6,60,0.006752954417557681
2015,6,61,0.01896021817237349
2015,6,62,0.0034630535474654777
2015,6,63,0.010822042335829618
2015,6,64,0.003506341716808796
2015,6,65,0.008311328513917146
2015,6,66,0.02610276611402104
2015,6,67,0.028700056274620148
2015,6,68,0.02800744556512705
2015,6,69,0.026752088654170815
2015,6,70,0.009739838102246656
2015,6,71,0.028959785290680058
2015,6,72,0.0049781394744816245
2015,6,73,0.012596857278905676
2015,6,74,0.0016449504350461018
2015,6,75,0.008311328513917146
2015,6,76,0.007012683433617592
2015,6,77,0.007055971602960911
2015,7,1,0.01495257424512281
2015,7,2,0.010769167046348838
2015,7,3,0.01399991716025349
2015,7,4,0.006171561115022988
2015,7,5,0.005218904030153668
2015,7,6,0.02091703599386986
2015,7,7,0.014869734498612435
2015,7,8,0.03698794681688274
2015,7,9,7.455577185933811E-4
2015,7,10,0.00575736238247111
2015,7,11,0.004639025804581038
2015,7,12,0.0016982148034627015
2015,7,13,0.0024851923953112705
2015,7,14,0.008159715031272004
2015,7,15,0.012301702356790789
2015,7,16,0.010603487553328086
2015,7,17,0.005674522635960734
2015,7,18,0.002319512902290519
2015,7,19,0.017934805119496335
2015,7,20,0.005550263016195171
2015,7,21,0.008283974651037567
2015,7,22,0.018059064739261898
2015,7,23,0.03147910367394276
2015,7,24,0.02646729901006503
2015,7,25,0.06838421074431512
2015,7,26,0.020999875740380234
2015,7,27,0.021993952698504744
2015,7,28,0.0292838503914178
2015,7,29,0.032804539618108766
2015,7,30,0.01611233069626807
2015,7,31,0.009733670214969143
2015,7,32,0.031934722279749826
2015,7,33,0.008118295158016816
2015,7,34,0.004556186058070662
2015,7,35,0.009733670214969143
2015,7,36,0.0029408110011183365
2015,7,37,0.004059147579008408
2015,7,38,0.011017686285879966
2015,7,39,0.0063372406080437396
2015,7,40,0.009609410595203578
2015,7,41,0.006627179720830054
2015,7,42,0.015366772977674688
2015,7,43,0.03479269353435779
2015,7,44,0.023982106614753758
2015,7,45,0.004763285424346601
2015,7,46,0.021745433458973614
2015,7,47,0.0011597564511452595
2015,7,48,0.00575736238247111
2015,7,49,0.02530754255891977
2015,7,50,0.0036863687197117175
2015,7,51,0.007579836805699375
2015,7,52,0.004183407198773971
2015,7,53,0.015491032597440252
2015,7,54,0.004763285424346601
2015,7,55,0.001988153916249016
2015,7,56,0.006585759847574866
2015,7,57,0.003106490494139088
2015,7,58,0.010520647806817711
2015,7,59,0.003355009733670215
2015,7,60,0.00671001946734043
2015,7,61,0.01938450068342791
2015,7,62,0.0035206892266909664
2015,7,63,0.008201134904527192
2015,7,64,0.0037692084662220935
2015,7,65,0.008366814397547943
2015,7,66,0.02182827320548399
2015,7,67,0.029822308743735246
2015,7,68,0.0262187797705339
2015,7,69,0.024396305347305636
2015,7,70,0.007496997059188999
2015,7,71,0.027378536221679163
2015,7,72,0.002816551381352773
2015,7,73,0.011017686285879966
2015,7,74,0.002029573789504204
2015,7,75,0.008283974651037567
2015,7,76,0.005674522635960734
2015,7,77,0.008656753510334259
2015,8,1,0.01257632738889563
2015,8,2,0.011848437057705528
2015,8,3,0.01536657365845768
2015,8,4,0.005499615835658538
2015,8,5,0.004973917263132355
2015,8,6,0.023737312467143837
2015,8,7,0.01257632738889563
2015,8,8,0.03712240689069513
2015,8,9,0.0011727122002507177
2015,8,10,0.004084273525011121
2015,8,11,0.004326903635407821
2015,8,12,0.0015770957175785514
2015,8,13,0.0027093695660964858
2015,8,14,0.009179505843341826
2015,8,15,0.01213150551983501
2015,8,16,0.00994783452626471
2015,8,17,0.006187067815115856
2015,8,18,0.0021432326418375186
2015,8,19,0.017186299486432934
2015,8,20,0.006672328035909256
2015,8,21,0.008775122326013992
2015,8,22,0.018884710259209833
2015,8,23,0.029075174895871244
2015,8,24,0.029439120061466293
2015,8,25,0.0661571434348336
2015,8,26,0.021432326418375187
2015,8,27,0.01965303894213272
2015,8,28,0.03045007885478588
2015,8,29,0.0316227910550366
2015,8,30,0.0177524364106919
2015,8,31,0.010109587933195843
2015,8,32,0.03275506490355453
2015,8,33,0.0076024101257632735
2015,8,34,0.004973917263132355
2015,8,35,0.008936875732945125
2015,8,36,0.0028711229730276192
2015,8,37,0.0027902462695620525
2015,8,38,0.011686683650774394
2015,8,39,0.0042055885802094704
2015,8,40,0.010594848153989244
2015,8,41,0.005499615835658538
2015,8,42,0.01488131343766428
2015,8,43,0.03457479073152978
2015,8,44,0.021027942901047352
2015,8,45,0.004973917263132355
2015,8,46,0.020340490921590036
2015,8,47,0.0018197258279752516
2015,8,48,0.004650410449270088
2015,8,49,0.024182134336204458
2015,8,50,0.004084273525011121
2015,8,51,0.007238464960168224
2015,8,52,0.004124711876743904
2015,8,53,0.017348052893364066
2015,8,54,0.0041651502284766875
2015,8,55,0.0021027942901047352
2015,8,56,0.005944437704719156
2015,8,57,0.002951999676493186
2015,8,58,0.010109587933195843
2015,8,59,0.0036798900076832866
2015,8,60,0.006308382870314206
2015,8,61,0.01904646366614097
2015,8,62,0.0041651502284766875
2015,8,63,0.008370738808686159
2015,8,64,0.002951999676493186
2015,8,65,0.006914958146305957
2015,8,66,0.02086618949411622
2015,8,67,0.030369202151320312
2015,8,68,0.02915605159933681
2015,8,69,0.024990901370860123
2015,8,70,0.009786081119333576
2015,8,71,0.02939868170973351
2015,8,72,0.004124711876743904
2015,8,73,0.012050628816369445
2015,8,74,0.0024667394556997855
2015,8,75,0.009219944195074608
2015,8,76,0.005984876056451939
2015,8,77,0.00934125925027296
2015,9,1,0.014935093127252204
2015,9,2,0.010636912256327877
2015,9,3,0.015977076368688403
2015,9,4,0.0074241305952329265
2015,9,5,0.004992836365215126
2015,9,6,0.025051013762861982
2015,9,7,0.013849693917422828
2015,9,8,0.03212781661094951
2015,9,9,0.0010853992098293751
2015,9,10,0.004775756523249251
2015,9,11,0.004167932965744801
2015,9,12,0.0019971345460860503
2015,9,13,0.0032996135978813007
2015,9,14,0.009160769330959927
2015,9,15,0.011765727434550427
2015,9,16,0.011592063560977727
2015,9,17,0.006555811227369426
2015,9,18,0.0021707984196587503
2015,9,19,0.01845178656709938
2015,9,20,0.005730907827899101
2015,9,21,0.008726609647028177
2015,9,22,0.018278122693526678
2015,9,23,0.029913602222897583
2015,9,24,0.03125949724308601
2015,9,25,0.06447271306386489
2015,9,26,0.02010159336604003
2015,9,27,0.02157773629140798
2015,9,28,0.030000434159683932
2015,9,29,0.031389745148265535
2015,9,30,0.01784396300959493
2015,9,31,0.010072504667216603
2015,9,32,0.028654539139495505
2015,9,33,0.007510962532019277
2015,9,34,0.004602092649676551
2015,9,35,0.009377849172925803
2015,9,36,0.0024747101984109753
2015,9,37,0.0031693656927017757
2015,9,38,0.013241870359918377
2015,9,39,0.005513827985933226
2015,9,40,0.011722311466157253
2015,9,41,0.006816307037728476
2015,9,42,0.014544349411713628
2015,9,43,0.03282247210524031
2015,9,44,0.02331437502713498
2015,9,45,0.004515260712890201
2015,9,46,0.018495202535492555
2015,9,47,0.0020839664828724005
2015,9,48,0.006382147353796727
2015,9,49,0.023878782616246257
2015,9,50,0.004081101028958451
2015,9,51,0.008509529805062302
2015,9,52,0.005166500238787826
2015,9,53,0.014283853601354578
2015,9,54,0.004428428776103851
2015,9,55,0.0017800547041201755
2015,9,56,0.005947987669864976
2015,9,57,0.0028654539139495506
2015,9,58,0.010593496287934703
2015,9,59,0.004688924586462901
2015,9,60,0.005340164112360526
2015,9,61,0.019276689966569706
2015,9,62,0.004254764902531151
2015,9,63,0.007250466721660227
2015,9,64,0.004167932965744801
2015,9,65,0.006686059132548951
2015,9,66,0.02270655146963053
2015,9,67,0.02704814830894803
2015,9,68,0.02548517344679373
2015,9,69,0.027221812182520733
2015,9,70,0.008639777710241827
2015,9,71,0.03173707289541093
2015,9,72,0.0031693656927017757
2015,9,73,0.011027655971866453
2015,9,74,0.0028220379455563757
2015,9,75,0.007380714626839752
2015,9,76,0.0057743237962922765
2015,9,77,0.009160769330959927
2015,10,1,0.014646442696336217
2015,10,2,0.011517232387326699
2015,10,3,0.013994523881959233
2015,10,4,0.006301881872310835
2015,10,5,0.005389195532183059
2015,10,6,0.02329523230040419
2015,10,7,0.01564605154504759
2015,10,8,0.03303055326176713
2015,10,9,8.257638315441783E-4
2015,10,10,0.004824199226389674
2015,10,11,0.0039984353948454955
2015,10,12,0.0016949889173801555
2015,10,13,0.0029553652918423226
2015,10,14,0.010213394758572733
2015,10,15,0.01412490764483463
2015,10,16,0.011213003607284106
2015,10,17,0.006041114346560042
2015,10,18,0.002259985223173541
2015,10,19,0.01942718066843409
2015,10,20,0.006388804380894433
2015,10,21,0.008866095875526968
2015,10,22,0.019340258159850493
2015,10,23,0.030379416749967404
2015,10,24,0.026033291320787518
2015,10,25,0.06354035377460994
2015,10,26,0.022686774740319007
2015,10,27,0.022382545960276414
2015,10,28,0.03090095180146899
2015,10,29,0.03394323960189491
2015,10,30,0.015385284019296798
2015,10,31,0.007953409535399192
2015,10,32,0.030770568038593595
2015,10,33,0.006606110652353427
2015,10,34,0.0035638228519275067
2015,10,35,0.01064800730149072
2015,10,36,0.0027815202746751273
2015,10,37,0.003172671563301317
2015,10,38,0.01260376374462167
2015,10,39,0.004737276717806076
2015,10,40,0.013429527576165848
2015,10,41,0.005997653092268243
2015,10,42,0.013733756356208441
2015,10,43,0.029466730409839628
2015,10,44,0.021600243383024034
2015,10,45,0.004563431700638881
2015,10,46,0.018992568125516102
2015,10,47,0.0016080664087965578
2015,10,48,0.005910730583684645
2015,10,49,0.022252162197401018
2015,10,50,0.0029988265461341214
2015,10,51,0.00534573427789126
2015,10,52,0.00534573427789126
2015,10,53,0.016254509105132774
2015,10,54,0.003954974140553696
2015,10,55,0.0017384501716719545
2015,10,56,0.0069972619409796166
2015,10,57,0.003737667869094702
2015,10,58,0.009344169672736755
2015,10,59,0.0036942066148029033
2015,10,60,0.005910730583684645
2015,10,61,0.02094832456864705
2015,10,62,0.005084966752140467
2015,10,63,0.009474553435612152
2015,10,64,0.002824981528966926
2015,10,65,0.007171106958146812
2015,10,66,0.02368638358903038
2015,10,67,0.028814811595462644
2015,10,68,0.025642140032161326
2015,10,69,0.025468295014994133
2015,10,70,0.008735712112651572
2015,10,71,0.0305532617671346
2015,10,72,0.003085749054717719
2015,10,73,0.013690295101916642
2015,10,74,0.002173062714589943
2015,10,75,0.009344169672736755
2015,10,76,0.0071276457038550135
2015,10,77,0.00917032465556956
2015,11,1,0.012671800370406472
2015,11,2,0.013451603470123794
2015,11,3,0.014475095038502778
2015,11,4,0.006872014816258895
2015,11,5,0.00545862169802125
2015,11,6,0.021005945998635346
2015,11,7,0.01637586509406375
2015,11,8,0.037186860317769764
2015,11,9,0.0011209669558436494
2015,11,10,0.004240179354712935
2015,11,11,0.003801540111121942
2015,11,12,0.0017545569743639732
2015,11,13,0.003801540111121942
2015,11,14,0.008626571790622867
2015,11,15,0.01281801345160347
2015,11,16,0.012184423433083147
2015,11,17,0.005604834779218248
2015,11,18,0.0024368846866166293
2015,11,19,0.019348864411736038
2015,11,20,0.006433375572667902
2015,11,21,0.007213178672385223
2015,11,22,0.01808168437469539
2015,11,23,0.028170386977288235
2015,11,24,0.02656204308412126
2015,11,25,0.06501608343893167
2015,11,26,0.02563602690320694
2015,11,27,0.01886148747441271
2015,11,28,0.030607271663904864
2015,11,29,0.03153328784481918
2015,11,30,0.017594307437372062
2015,11,31,0.009406374890340189
2015,11,32,0.03206940247587484
2015,11,33,0.007261916366117556
2015,11,34,0.0032654254800662834
2015,11,35,0.009113948727946193
2015,11,36,0.0019495077492933035
2015,11,37,0.00282678623647529
2015,11,38,0.01354907885758846
2015,11,39,0.0052636709230919195
2015,11,40,0.010673554927380837
2015,11,41,0.005799785554147578
2015,11,42,0.013597816551320792
2015,11,43,0.034555024856223804
2015,11,44,0.022468076810605322
2015,11,45,0.0048737693732332586
2015,11,46,0.018715274393215714
2015,11,47,0.0014621308119699777
2015,11,48,0.006043474022809241
2015,11,49,0.024612535334827955
2015,11,50,0.0037040647236572764
2015,11,51,0.006920752509991227
2015,11,52,0.0045813432108392635
2015,11,53,0.014475095038502778
2015,11,54,0.0037040647236572764
2015,11,55,0.001998245443025636
2015,11,56,0.007895506384637879
2015,11,57,0.0040452285797836045
2015,11,58,0.009893751827663515
2015,11,59,0.0045813432108392635
2015,11,60,0.006725801735061897
2015,11,61,0.01808168437469539
2015,11,62,0.0044838678233745976
2015,11,63,0.009260161809143191
2015,11,64,0.0046788185983039285
2015,11,65,0.007603080222243884
2015,11,66,0.02446632225363096
2015,11,67,0.02563602690320694
2015,11,68,0.02622087922799493
2015,11,69,0.02490496149722195
2015,11,70,0.009162686421678527
2015,11,71,0.03138707476362219
2015,11,72,0.0031192123988692854
2015,11,73,0.011209669558436495
2015,11,74,0.0023881469928842968
2015,11,75,0.006677064041329565
2015,11,76,0.006433375572667902
2015,11,77,0.009308899502875523
2015,12,1,0.013155395136778115
2015,12,2,0.01310790273556231
2015,12,3,0.013440349544072949
2015,12,4,0.007361322188449848
2015,12,5,0.0056041033434650455
2015,12,6,0.022083966565349545
2015,12,7,0.015909954407294834
2015,12,8,0.04022606382978723
2015,12,9,7.598784194528875E-4
2015,12,10,0.005414133738601824
2015,12,11,0.005746580547112462
2015,12,12,0.0016622340425531915
2015,12,13,0.00451177811550152
2015,12,14,0.009878419452887538
2015,12,15,0.013297872340425532
2015,12,16,0.013012917933130698
2015,12,17,0.007741261398176292
2015,12,18,0.002137158054711246
2015,12,19,0.018949468085106384
2015,12,20,0.007218844984802432
2015,12,21,0.007978723404255319
2015,12,22,0.017904635258358663
2015,12,23,0.030442629179331306
2015,12,24,0.03125
2015,12,25,0.05965045592705167
2015,12,26,0.021941489361702128
2015,12,27,0.01866451367781155
2015,12,28,0.03253229483282675
2015,12,29,0.029635258358662615
2015,12,30,0.017477203647416412
2015,12,31,0.009498480243161094
2015,12,32,0.03481193009118541
2015,12,33,0.007313829787234043
2015,12,34,0.004749240121580547
2015,12,35,0.009688449848024316
2015,12,36,0.0026595744680851063
2015,12,37,0.0028020516717325228
2015,12,38,0.012253039513677812
2015,12,39,0.004416793313069909
2015,12,40,0.011018237082066869
2015,12,41,0.0056041033434650455
2015,12,42,0.013487841945288754
2015,12,43,0.03291223404255319
2015,12,44,0.02317629179331307
2015,12,45,0.005414133738601824
2015,12,46,0.01856952887537994
2015,12,47,9.973404255319148E-4
2015,12,48,0.005936550151975684
2015,12,49,0.022891337386018236
2015,12,50,0.003514437689969605
2015,12,51,0.006791413373860182
2015,12,52,0.004559270516717325
2015,12,53,0.013440349544072949
2015,12,54,0.004226823708206687
2015,12,55,0.0019946808510638296
2015,12,56,0.007361322188449848
2015,12,57,0.0036569148936170214
2015,12,58,0.010020896656534954
2015,12,59,0.0038943768996960487
2015,12,60,0.005889057750759878
2015,12,61,0.01771466565349544
2015,12,62,0.004369300911854103
2015,12,63,0.009166033434650457
2015,12,64,0.0038943768996960487
2015,12,65,0.008738601823708206
2015,12,66,0.021466565349544074
2015,12,67,0.02507598784194529
2015,12,68,0.024648556231003038
2015,12,69,0.027640577507598785
2015,12,70,0.009071048632218845
2015,12,71,0.028780395136778117
2015,12,72,0.0029920212765957447
2015,12,73,0.011160714285714286
2015,12,74,0.0025645896656534954
2015,12,75,0.006031534954407295
2015,12,76,0.006174012158054711
2015,12,77,0.008263677811550152
2016,1,1,0.014969767895455432
2016,1,2,0.012190364735712892
2016,1,3,0.013555685586112736
2016,1,4,0.00682660425199922
2016,1,5,0.005119953188999415
2016,1,6,0.023064170079968794
2016,1,7,0.014872244977569728
2016,1,8,0.03900916715428126
2016,1,9,9.264677199141799E-4
2016,1,10,0.00497366881217086
2016,1,11,0.003754632338599571
2016,1,12,0.0020967427345426177
2016,1,13,0.003071971913399649
2016,1,14,0.009069631363370393
2016,1,15,0.013263116832455627
2016,1,16,0.011946557440998635
2016,1,17,0.007655549054027697
2016,1,18,0.00248683440608543
2016,1,19,0.021259996099083283
2016,1,20,0.006192705285742149
2016,1,21,0.009215915740198947
2016,1,22,0.01955334503608348
2016,1,23,0.03008582016773942
2016,1,24,0.028037838892139653
2016,1,25,0.06002535595865028
2016,1,26,0.023746830505168716
2016,1,27,0.01770040959625512
2016,1,28,0.03408425980105325
2016,1,29,0.03208503998439633
2016,1,30,0.0186268773161693
2016,1,31,0.009996099083284572
2016,1,32,0.0357421494051102
2016,1,33,0.007801833430856251
2016,1,34,0.004388531304856641
2016,1,35,0.010093622001170276
2016,1,36,0.0024380729471425787
2016,1,37,0.0033645406670567584
2016,1,38,0.011751511605227229
2016,1,39,0.005412521942656524
2016,1,40,0.009508484493856056
2016,1,41,0.005753852155256485
2016,1,42,0.012921786619855666
2016,1,43,0.03008582016773942
2016,1,44,0.023161692997854495
2016,1,45,0.004534815681685196
2016,1,46,0.019163253364540667
2016,1,47,0.0013165593914569924
2016,1,48,0.005168714647942266
2016,1,49,0.02399063779988297
2016,1,50,0.004193485469085235
2016,1,51,0.00682660425199922
2016,1,52,0.006046420908913595
2016,1,53,0.013263116832455627
2016,1,54,0.0033645406670567584
2016,1,55,0.0021455041934854693
2016,1,56,0.006192705285742149
2016,1,57,0.0035595865028281645
2016,1,58,0.010922566803198752
2016,1,59,0.00341330212599961
2016,1,60,0.006436512580456407
2016,1,61,0.01930953774136922
2016,1,62,0.005168714647942266
2016,1,63,0.010386190754827385
2016,1,64,0.002730641700799688
2016,1,65,0.00902086990442754
2016,1,66,0.021601326311683246
2016,1,67,0.02520967427345426
2016,1,68,0.025063389896625706
2016,1,69,0.024673298225082893
2016,1,70,0.009167154281256095
2016,1,71,0.027794031597425394
2016,1,72,0.0026331187829139848
2016,1,73,0.011556465769455822
2016,1,74,0.002730641700799688
2016,1,75,0.006924127169884923
2016,1,76,0.005119953188999415
2016,1,77,0.008484493856056173
2016,2,1,0.014477211796246649
2016,2,2,0.011152815013404826
2016,2,3,0.012868632707774798
2016,2,4,0.007774798927613941
2016,2,5,0.004718498659517427
2016,2,6,0.01967828418230563
2016,2,7,0.014048257372654156
2016,2,8,0.04048257372654156
2016,2,9,0.0019839142091152813
2016,2,10,0.006327077747989276
2016,2,11,0.004128686327077748
2016,2,12,0.002037533512064343
2016,2,13,0.004772117962466488
2016,2,14,0.009436997319034853
2016,2,15,0.013029490616621984
2016,2,16,0.01324396782841823
2016,2,17,0.007828418230563003
2016,2,18,0.00257372654155496
2016,2,19,0.018123324396782842
2016,2,20,0.007828418230563003
2016,2,21,0.008579088471849867
2016,2,22,0.01967828418230563
2016,2,23,0.03061662198391421
2016,2,24,0.027828418230563003
2016,2,25,0.06471849865951743
2016,2,26,0.02487935656836461
2016,2,27,0.018659517426273458
2016,2,28,0.03463806970509383
2016,2,29,0.029919571045576406
2016,2,30,0.0193029490616622
2016,2,31,0.010563002680965147
2016,2,32,0.033029490616621984
2016,2,33,0.006380697050938338
2016,2,34,0.004075067024128686
2016,2,35,0.010134048257372654
2016,2,36,0.0021983914209115283
2016,2,37,0.002412868632707775
2016,2,38,0.010402144772117962
2016,2,39,0.004879356568364611
2016,2,40,0.010723860589812333
2016,2,41,0.0036461126005361932
2016,2,42,0.013726541554959785
2016,2,43,0.02906166219839142
2016,2,44,0.022734584450402145
2016,2,45,0.005630026809651474
2016,2,46,0.019785522788203752
2016,2,47,0.0015013404825737265
2016,2,48,0.005898123324396783
2016,2,49,0.021715817694369973
2016,2,50,0.005308310991957104
2016,2,51,0.0069168900804289545
2016,2,52,0.0046648793565683645
2016,2,53,0.013780160857908848
2016,2,54,0.004986595174262734
2016,2,55,0.0024664879356568366
2016,2,56,0.007184986595174263
2016,2,57,0.004128686327077748
2016,2,58,0.01093833780160858
2016,2,59,0.003806970509383378
2016,2,60,0.007774798927613941
2016,2,61,0.015388739946380696
2016,2,62,0.004182305630026809
2016,2,63,0.008203753351206435
2016,2,64,0.0033780160857908846
2016,2,65,0.008793565683646113
2016,2,66,0.02058981233243968
2016,2,67,0.024396782841823058
2016,2,68,0.02514745308310992
2016,2,69,0.024718498659517425
2016,2,70,0.00938337801608579
2016,2,71,0.02900804289544236
2016,2,72,0.0026273458445040215
2016,2,73,0.013780160857908848
2016,2,74,0.002680965147453083
2016,2,75,0.007935656836461125
2016,2,76,0.005844504021447722
2016,2,77,0.008150134048257372
2016,3,1,0.013941409631418288
2016,3,2,0.012939086063146385
2016,3,3,0.013759168982641578
2016,3,4,0.007107385302291676
2016,3,5,0.005512779625495467
2016,3,6,0.020319832338603124
2016,3,7,0.013759168982641578
2016,3,8,0.037860494783361426
2016,3,9,0.0015946056767962094
2016,3,10,0.005512779625495467
2016,3,11,0.0037359332999225476
2016,3,12,0.002186887785320516
2016,3,13,0.004738256868194451
2016,3,14,0.009613194222971433
2016,3,15,0.013622488496059047
2016,3,16,0.01038771698027245
2016,3,17,0.0063784227071848375
2016,3,18,0.0023691284340972255
2016,3,19,0.01772290309353501
2016,3,20,0.006105061734019773
2016,3,21,0.007881908059592692
2016,3,22,0.017677342931340836
2016,3,23,0.031254271265205705
2016,3,24,0.027609458289671512
2016,3,25,0.0609139368536152
2016,3,26,0.023190122556836303
2016,3,27,0.01772290309353501
2016,3,28,0.03353227937491458
2016,3,29,0.038953938676021684
2016,3,30,0.017677342931340836
2016,3,31,0.00897535195225295
2016,3,32,0.03170987288714748
2016,3,33,0.0068340243291266116
2016,3,34,0.002414688596291403
2016,3,35,0.009112032438835483
2016,3,36,0.002414688596291403
2016,3,37,0.0025058089206797577
2016,3,38,0.012073442981457015
2016,3,39,0.004647136543806096
2016,3,40,0.009977675520524852
2016,3,41,0.005831700760854709
2016,3,42,0.013986969793612466
2016,3,43,0.029841906237186206
2016,3,44,0.02446580709827327
2016,3,45,0.004829377192582806
2016,3,46,0.01918082828374869
2016,3,47,0.0012301243792427901
2016,3,48,0.004738256868194451
2016,3,49,0.024192446125108204
2016,3,50,0.0035992528133400154
2016,3,51,0.007107385302291676
2016,3,52,0.005330538976718757
2016,3,53,0.01603717709235045
2016,3,54,0.0044648958950293865
2016,3,55,0.0018224064877670964
2016,3,56,0.00861087065469953
2016,3,57,0.003325891840174951
2016,3,58,0.01002323568271903
2016,3,59,0.004100414597475967
2016,3,60,0.005831700760854709
2016,3,61,0.01813294455328261
2016,3,62,0.003781493462116725
2016,3,63,0.008747551141282063
2016,3,64,0.003553692651145838
2016,3,65,0.008519750330311176
2016,3,66,0.02113991525809832
2016,3,67,0.028794022506720123
2016,3,68,0.02606041277506948
2016,3,69,0.02569593147751606
2016,3,70,0.00792746822178687
2016,3,71,0.02993302656157456
2016,3,72,0.0038270536243109024
2016,3,73,0.012984646225340563
2016,3,74,0.002095767460932161
2016,3,75,0.008155269032757756
2016,3,76,0.0061506218962139505
2016,3,77,0.009704314547359788
2016,4,1,0.014974329720479178
2016,4,2,0.01050579958166952
2016,4,3,0.012644989541737973
2016,4,4,0.00713063320022818
2016,4,5,0.005942194333523484
2016,4,6,0.023293401787412054
2016,4,7,0.015307092603156493
2016,4,8,0.0356531660011409
2016,4,9,9.032135386955695E-4
2016,4,10,0.00513405590416429
2016,4,11,0.0037079292641186536
2016,4,12,0.002186727514736642
2016,4,13,0.0037554668187868416
2016,4,14,0.009840273816314889
2016,4,15,0.010981175128351398
2016,4,16,0.010220574253660391
2016,4,17,0.005656969005514357
2016,4,18,0.002139189960068454
2016,4,19,0.01830195854725233
2016,4,20,0.005656969005514357
2016,4,21,0.007701083856246435
2016,4,22,0.018397033656588704
2016,4,23,0.028997908347594598
2016,4,24,0.030614185206312986
2016,4,25,0.06588705077010838
2016,4,26,0.027524244152880777
2016,4,27,0.017779045445902263
2016,4,28,0.03427457691576345
2016,4,29,0.03341890093173607
2016,4,30,0.017113519680547633
2016,4,31,0.009269823160296634
2016,4,32,0.03137478608100399
2016,4,33,0.005752044114850732
2016,4,34,0.0031850161627685874
2016,4,35,0.009507510933637574
2016,4,36,0.0030424034987640235
2016,4,37,0.004373455029473284
2016,4,38,0.011551625784369652
2016,4,39,0.00446853013880966
2016,4,40,0.00912721049629207
2016,4,41,0.004943905685491539
2016,4,42,0.01383342840844267
2016,4,43,0.03032895987830386
2016,4,44,0.022342650694048297
2016,4,45,0.004420992584141472
2016,4,46,0.017493820117893136
2016,4,47,0.0019965772960638907
2016,4,48,0.00489636813082335
2016,4,49,0.02424415288077581
2016,4,50,0.0038980794827914054
2016,4,51,0.00803384673892375
2016,4,52,0.005276668568168853
2016,4,53,0.015972618368511125
2016,4,54,0.004706217912150599
2016,4,55,0.002044114850732078
2016,4,56,0.007606008746910059
2016,4,57,0.00289979083475946
2016,4,58,0.011504088229701464
2016,4,59,0.004135767256132345
2016,4,60,0.005419281232173417
2016,4,61,0.019252709640616088
2016,4,62,0.004801293021486974
2016,4,63,0.008223996957596501
2016,4,64,0.002852253280091272
2016,4,65,0.007320783418900932
2016,4,66,0.021344362046016353
2016,4,67,0.028807758128921848
2016,4,68,0.025955504848830576
2016,4,69,0.025955504848830576
2016,4,70,0.011266400456360525
2016,4,71,0.02914052101159916
2016,4,72,0.003327628826773151
2016,4,73,0.012359764213728846
2016,4,74,0.0019490397413957027
2016,4,75,0.006560182544209926
2016,4,76,0.006797870317550865
2016,4,77,0.010791024909678646
2016,5,1,0.013563659628918746
2016,5,2,0.011558967796971636
2016,5,3,0.013009170398805716
2016,5,4,0.006440605672851354
2016,5,5,0.004222648752399232
2016,5,6,0.02128385583280017
2016,5,7,0.016421411814885902
2016,5,8,0.03685220729366603
2016,5,9,7.251013009170399E-4
2016,5,10,0.004691831947110258
2016,5,11,0.00345489443378119
2016,5,12,0.001834079761143101
2016,5,13,0.003668159522286202
2016,5,14,0.008829174664107486
2016,5,15,0.01108978460226061
2016,5,16,0.01019407123053956
2016,5,17,0.006696523779057368
2016,5,18,0.0027724461505651524
2016,5,19,0.019364470036255067
2016,5,20,0.00473448496481126
2016,5,21,0.008146726380891449
2016,5,22,0.02145446790360418
2016,5,23,0.029899765408402643
2016,5,24,0.030283642567711665
2016,5,25,0.06393687353380252
2016,5,26,0.021369161868202174
2016,5,27,0.019705694177863085
2016,5,28,0.03288547664747281
2016,5,29,0.03198976327575176
2016,5,30,0.016634676903390915
2016,5,31,0.01019407123053956
2016,5,32,0.034207720196203883
2016,5,33,0.007464278097675411
2016,5,34,0.00345489443378119
2016,5,35,0.008658562593303476
2016,5,36,0.002601834079761143
2016,5,37,0.0028150991682661546
2016,5,38,0.011857538920878652
2016,5,39,0.005118362124120281
2016,5,40,0.0109191725314566
2016,5,41,0.005118362124120281
2016,5,42,0.01399018980592877
2016,5,43,0.033397312859884835
2016,5,44,0.02290467050543826
2016,5,45,0.006355299637449349
2016,5,46,0.017828961399018982
2016,5,47,0.001492855619535082
2016,5,48,0.004947750053316272
2016,5,49,0.0272979313286415
2016,5,50,0.005544892301130305
2016,5,51,0.007677543186180422
2016,5,52,0.004606525911708253
2016,5,53,0.014928556195350821
2016,5,54,0.004350607805502239
2016,5,55,0.002431222008957134
2016,5,56,0.008317338451695458
2016,5,57,0.0031563233098741736
2016,5,58,0.010833866496054596
2016,5,59,0.0037534655576882065
2016,5,60,0.005544892301130305
2016,5,61,0.017701002345915973
2016,5,62,0.0042653017701002344
2016,5,63,0.008658562593303476
2016,5,64,0.004094689699296225
2016,5,65,0.007720196203881424
2016,5,66,0.023032629558541268
2016,5,67,0.027340584346342504
2016,5,68,0.026444870974621455
2016,5,69,0.02473875026658136
2016,5,70,0.00981019407123054
2016,5,71,0.027511196417146513
2016,5,72,0.0034122414160801876
2016,5,73,0.01253998720409469
2016,5,74,0.0017061207080400938
2016,5,75,0.006952441885263383
2016,5,76,0.007208359991469396
2016,5,77,0.007378972062273406
2016,6,1,0.013326649120608264
2016,6,2,0.012700004177632953
2016,6,3,0.015540794585787693
2016,6,4,0.008522371224464219
2016,6,5,0.005472699168651042
2016,6,6,0.02318586289008648
2016,6,7,0.017838492710030497
2016,6,8,0.03876843380540586
2016,6,9,0.0010444082382921837
2016,6,10,0.004261185612232109
2016,6,11,0.003175001044408238
2016,6,12,0.002423027112837866
2016,6,13,0.003383882692066675
2016,6,14,0.00835526590633747
2016,6,15,0.011780924927935832
2016,6,16,0.009399674144629652
2016,6,17,0.0062664494297531015
2016,6,18,0.002924343067218114
2016,6,19,0.016626979153611565
2016,6,20,0.005639804486777792
2016,6,21,0.007728620963362159
2016,6,22,0.017880269039562184
2016,6,23,0.031582905125955636
2016,6,24,0.029953628274219827
2016,6,25,0.06663324560304132
2016,6,26,0.02092994109537536
2016,6,27,0.021640138697414046
2016,6,28,0.03246020804612107
2016,6,29,0.0297029702970297
2016,6,30,0.018966453607386056
2016,6,31,0.009859213769478214
2016,6,32,0.03129047081923382
2016,6,33,0.007728620963362159
2016,6,34,0.003509211680661737
2016,6,35,0.009525003133224715
2016,6,36,0.00267368509002799
2016,6,37,0.004219409282700422
2016,6,38,0.012658227848101266
2016,6,39,0.004929606884739107
2016,6,40,0.010778293019175334
2016,6,41,0.0062664494297531015
2016,6,42,0.014371057358900447
2016,6,43,0.031248694489702133
2016,6,44,0.02235033629945273
2016,6,45,0.0036763169987884866
2016,6,46,0.017587834732840372
2016,6,47,0.001462171533609057
2016,6,48,0.005013159543802482
2016,6,49,0.024648034423695533
2016,6,50,0.004177632953168735
2016,6,51,0.00756151564523541
2016,6,52,0.004177632953168735
2016,6,53,0.013493754438735012
2016,6,54,0.005556251827714417
2016,6,55,0.0017546058403308685
2016,6,56,0.00835526590633747
2016,6,57,0.00267368509002799
2016,6,58,0.008731252872122655
2016,6,59,0.0047207252370806705
2016,6,60,0.006475331077411539
2016,6,61,0.018005598028157245
2016,6,62,0.004010527635041985
2016,6,63,0.009232568826502903
2016,6,64,0.004135856623637048
2016,6,65,0.008313489576805782
2016,6,66,0.0231023102310231
2016,6,67,0.027405272172786897
2016,6,68,0.023520073526339974
2016,6,69,0.02552533734386097
2016,6,70,0.008564147553995906
2016,6,71,0.027739482809040397
2016,6,72,0.0030914483853448638
2016,6,73,0.01182270125746752
2016,6,74,0.0028825667376864267
2016,6,75,0.007352633997576973
2016,6,76,0.00597401512303129
2016,6,77,0.009733884780883151
2016,7,1,0.012600969305331179
2016,7,2,0.011550888529886914
2016,7,3,0.012762520193861066
2016,7,4,0.0070678513731825526
2016,7,5,0.004765751211631664
2016,7,6,0.021082390953150242
2016,7,7,0.014903069466882067
2016,7,8,0.039620355411954765
2016,7,9,0.0012520193861066235
2016,7,10,0.004281098546042003
2016,7,11,0.003715670436187399
2016,7,12,0.0020193861066235864
2016,7,13,0.0026252019386106625
2016,7,14,0.007835218093699515
2016,7,15,0.012924071082390954
2016,7,16,0.009289176090468497
2016,7,17,0.0075121163166397414
2016,7,18,0.002504038772213247
2016,7,19,0.01631663974151858
2016,7,20,0.0056138933764135705
2016,7,21,0.008966074313408724
2016,7,22,0.01983037156704362
2016,7,23,0.030331179321486268
2016,7,24,0.03202746365105008
2016,7,25,0.06417609046849758
2016,7,26,0.020234248788368336
2016,7,27,0.019022617124394185
2016,7,28,0.03542003231017771
2016,7,29,0.03061389337641357
2016,7,30,0.017689822294022616
2016,7,31,0.010420032310177706
2016,7,32,0.037075928917609045
2016,7,33,0.008239095315024232
2016,7,34,0.004523424878836834
2016,7,35,0.008925686591276252
2016,7,36,0.0030290791599353797
2016,7,37,0.0035137318255250402
2016,7,38,0.012883683360258481
2016,7,39,0.004967689822294023
2016,7,40,0.01029886914378029
2016,7,41,0.008037156704361875
2016,7,42,0.014054927302100161
2016,7,43,0.030250403877221325
2016,7,44,0.023707592891760904
2016,7,45,0.0051292407108239095
2016,7,46,0.016033925686591278
2016,7,47,0.0015751211631663974
2016,7,48,0.005735056542810985
2016,7,49,0.02823101777059774
2016,7,50,0.0037560581583198707
2016,7,51,0.006865912762520194
2016,7,52,0.005088852988691438
2016,7,53,0.014620355411954765
2016,7,54,0.005411954765751212
2016,7,55,0.0018982229402261712
2016,7,56,0.00815831987075929
2016,7,57,0.002504038772213247
2016,7,58,0.007269789983844911
2016,7,59,0.0038772213247172858
2016,7,60,0.0068255250403877225
2016,7,61,0.020234248788368336
2016,7,62,0.0038772213247172858
2016,7,63,0.00795638126009693
2016,7,64,0.004321486268174475
2016,7,65,0.007310177705977383
2016,7,66,0.022455573505654282
2016,7,67,0.02552504038772213
2016,7,68,0.022980613893376415
2016,7,69,0.023626817447495962
2016,7,70,0.009571890145395799
2016,7,71,0.02944264943457189
2016,7,72,0.004079159935379645
2016,7,73,0.011954765751211632
2016,7,74,0.002261712439418417
2016,7,75,0.006179321486268175
2016,7,76,0.007310177705977383
2016,7,77,0.009450726978998384
2016,8,1,0.013265594129268981
2016,8,2,0.01225757025926374
2016,8,3,0.012499495988064997
2016,8,4,0.007822265231240676
2016,8,5,0.004677230756824321
2016,8,6,0.023789363332123704
2016,8,7,0.014999395185677998
2016,8,8,0.040482238619410506
2016,8,9,0.0011693076892060803
2016,8,10,0.0032659973388169832
2016,8,11,0.004354663118422644
2016,8,12,0.0024998991976129996
2016,8,13,0.0037498487964194994
2016,8,14,0.008427079553243821
2016,8,15,0.01088665779605661
2016,8,16,0.012338212168864158
2016,8,17,0.005967501310431031
2016,8,18,0.0021370106044111123
2016,8,19,0.01596709810088303
2016,8,20,0.006007822265231241
2016,8,21,0.008709326236845288
2016,8,22,0.02068464981250756
2016,8,23,0.029877827506955366
2016,8,24,0.03145034474416354
2016,8,25,0.06052175315511471
2016,8,26,0.019515342123301478
2016,8,27,0.019958872626103786
2016,8,28,0.035885649772186605
2016,8,29,0.033103503890972136
2016,8,30,0.016612233377686383
2016,8,31,0.009757671061650739
2016,8,32,0.031168098060562074
2016,8,33,0.008144832869642352
2016,8,34,0.003951453570420547
2016,8,35,0.00858836337244466
2016,8,36,0.00241925728801258
2016,8,37,0.0037498487964194994
2016,8,38,0.013910729406072336
2016,8,39,0.005523970807628725
2016,8,40,0.01076569493165598
2016,8,41,0.007620660457239628
2016,8,42,0.01467682754727632
2016,8,43,0.03068424660295956
2016,8,44,0.024031289060924964
2016,8,45,0.004394984073222854
2016,8,46,0.01838635538889561
2016,8,47,0.001088665779605661
2016,8,48,0.005523970807628725
2016,8,49,0.024797387202128946
2016,8,50,0.004153058344421596
2016,8,51,0.007419055683238579
2016,8,52,0.005080440304826418
2016,8,53,0.015483246643280513
2016,8,54,0.0050401193500262086
2016,8,55,0.0024998991976129996
2016,8,56,0.008991572920446757
2016,8,57,0.0034676021128180316
2016,8,58,0.010241522519253256
2016,8,59,0.004556267892423692
2016,8,60,0.005846538446030402
2016,8,61,0.01713640579008911
2016,8,62,0.0037901697512197088
2016,8,63,0.009475424378049272
2016,8,64,0.0035482440224184507
2016,8,65,0.008023870005241724
2016,8,66,0.022700697552518044
2016,8,67,0.026894076851739848
2016,8,68,0.02185395750171364
2016,8,69,0.023628079512922867
2016,8,70,0.010604411112455144
2016,8,71,0.027579533083343412
2016,8,72,0.0042740212088222245
2016,8,73,0.0120962864400629
2016,8,74,0.0021370106044111123
2016,8,75,0.006814241361235434
2016,8,76,0.006693278496834805
2016,8,77,0.007902907140841095
2016,9,1,0.013322584751156179
2016,9,2,0.01179515465229751
2016,9,3,0.013916585345156773
2016,9,4,0.006067291781577496
2016,9,5,0.004921719207433493
2016,9,6,0.02609359752216895
2016,9,7,0.017947303661589375
2016,9,8,0.0395010395010395
2016,9,9,6.788578217149646E-4
2016,9,10,0.005600577029148458
2016,9,11,0.004455004455004455
2016,9,12,0.0015698587127158557
2016,9,13,0.0031397174254317113
2016,9,14,0.008994866137723281
2016,9,15,0.011116296830582545
2016,9,16,0.010946582375153804
2016,9,17,0.005770291484577199
2016,9,18,0.0022487165344308203
2016,9,19,0.015995587424158852
2016,9,20,0.006406720692434979
2016,9,21,0.00882515168229454
2016,9,22,0.022572022572022572
2016,9,23,0.030294030294030293
2016,9,24,0.03186388900674615
2016,9,25,0.05778777207348636
2016,9,26,0.021893164750307607
2016,9,27,0.019389876532733677
2016,9,28,0.038482752768467056
2016,9,29,0.0325851754423183
2016,9,30,0.017777589206160634
2016,9,31,0.00963129534558106
2016,9,32,0.03339131910560482
2016,9,33,0.007679579108150537
2016,9,34,0.004242861385718529
2016,9,35,0.010607153464296321
2016,9,36,0.0022911451482880056
2016,9,37,0.0037761466332894905
2016,9,38,0.013322584751156179
2016,9,39,0.004709576138147566
2016,9,40,0.009801009801009801
2016,9,41,0.0067885782171496455
2016,9,42,0.01251644108786966
2016,9,43,0.029403029403029402
2016,9,44,0.02087487801773516
2016,9,45,0.004582290296576011
2016,9,46,0.017862446433875006
2016,9,47,0.001485001485001485
2016,9,48,0.004752004752004752
2016,9,49,0.026772455343883915
2016,9,50,0.005346005346005346
2016,9,51,0.005770291484577199
2016,9,52,0.005091433662862234
2016,9,53,0.013789299503585218
2016,9,54,0.0050065764351478635
2016,9,55,0.0018668590097161526
2016,9,56,0.007085578514149943
2016,9,57,0.0036488607917179346
2016,9,58,0.010310153167296025
2016,9,59,0.0033942891085748227
2016,9,60,0.007000721286435572
2016,9,61,0.02062030633459205
2016,9,62,0.0033942891085748227
2016,9,63,0.009037294751580466
2016,9,64,0.004073146930289788
2016,9,65,0.007891722177436463
2016,9,66,0.020068734354448642
2016,9,67,0.026433026433026433
2016,9,68,0.02223259366116509
2016,9,69,0.02448131019559591
2016,9,70,0.009758581187152615
2016,9,71,0.02673002673002673
2016,9,72,0.0037761466332894905
2016,9,73,0.011583011583011582
2016,9,74,0.0017395731681445967
2016,9,75,0.007552293266578981
2016,9,76,0.007128007128007128
2016,9,77,0.00874029445458017
2016,10,1,0.013453483944663029
2016,10,2,0.013411177391377925
2016,10,3,0.014172695350509794
2016,10,4,0.007911325464314422
2016,10,5,0.006092143673054956
2016,10,6,0.02606083682362398
2016,10,7,0.01578034437534374
2016,10,8,0.03887972246901045
2016,10,9,9.730507255573888E-4
2016,10,10,0.004611414308076321
2016,10,11,0.004865253627786944
2016,10,12,0.0019461014511147777
2016,10,13,0.004061429115369971
2016,10,14,0.008461310657020773
2016,10,15,0.011761221813258874
2016,10,16,0.012438126665820535
2016,10,17,0.005330625713923087
2016,10,18,0.0026653128569615434
2016,10,19,0.01721876718703727
2016,10,20,0.004992173287642255
2016,10,21,0.008461310657020773
2016,10,22,0.022380166687819943
2016,10,23,0.027541566188602616
2016,10,24,0.030376105258704572
2016,10,25,0.05931378770571562
2016,10,26,0.019884080043998817
2016,10,27,0.018107204806024454
2016,10,28,0.037187460337606296
2016,10,29,0.03257604602952997
2016,10,30,0.017472606506747895
2016,10,31,0.0098574269154292
2016,10,32,0.03223759360324914
2016,10,33,0.006853661632186826
2016,10,34,0.0038498963489444517
2016,10,35,0.01116893006726742
2016,10,36,0.0028768456233870627
2016,10,37,0.003596057029233828
2016,10,38,0.012395820112535432
2016,10,39,0.006599822312476203
2016,10,40,0.009222828616152642
2016,10,41,0.00930744172272285
2016,10,42,0.013157338071667302
2016,10,43,0.029487667639717392
2016,10,44,0.025510851630917628
2016,10,45,0.004865253627786944
2016,10,46,0.017049540973896857
2016,10,47,0.0016499555781190507
2016,10,48,0.006219063332910267
2016,10,49,0.025891610610483565
2016,10,50,0.005838304353344333
2016,10,51,0.006472902652620891
2016,10,52,0.004484494648221009
2016,10,53,0.013326564284807716
2016,10,54,0.004230655328510386
2016,10,55,0.002157634217540297
2016,10,56,0.007530566484748488
2016,10,57,0.003046071836527478
2016,10,58,0.009053602403012227
2016,10,59,0.003680670135804036
2016,10,60,0.00613445022634006
2016,10,61,0.018107204806024454
2016,10,62,0.003680670135804036
2016,10,63,0.007911325464314422
2016,10,64,0.0032999111562381014
2016,10,65,0.007276727165037865
2016,10,66,0.023057071540381606
2016,10,67,0.023310910860092227
2016,10,68,0.02123788974912214
2016,10,69,0.023395523966662436
2016,10,70,0.01116893006726742
2016,10,71,0.030249185598849263
2016,10,72,0.004611414308076321
2016,10,73,0.011380462833692939
2016,10,74,0.002453780090536024
2016,10,75,0.007149807505182553
2016,10,76,0.00579599780005923
2016,10,77,0.009772813808858992
2016,11,1,0.013719512195121951
2016,11,2,0.014042867701404288
2016,11,3,0.012749445676274944
2016,11,4,0.007529563932002956
2016,11,5,0.0053584626755358465
2016,11,6,0.02323540280857354
2016,11,7,0.01681448632668145
2016,11,8,0.03866407982261641
2016,11,9,0.0013396156688839616
2016,11,10,0.005035107169253511
2016,11,11,0.004988913525498891
2016,11,12,0.0026792313377679232
2016,11,13,0.0033721359940872137
2016,11,14,0.01016260162601626
2016,11,15,0.011132668144863267
2016,11,16,0.011548410938654842
2016,11,17,0.007206208425720621
2016,11,18,0.0027254249815225427
2016,11,19,0.01736881005173688
2016,11,20,0.004988913525498891
2016,11,21,0.008176274944567628
2016,11,22,0.020232815964523282
2016,11,23,0.027392830746489284
2016,11,24,0.033074648928307464
2016,11,25,0.060698447893569846
2016,11,26,0.02032520325203252
2016,11,27,0.016444937176644494
2016,11,28,0.0393569844789357
2016,11,29,0.035291943828529196
2016,11,30,0.016167775314116777
2016,11,31,0.009284922394678492
2016,11,32,0.034183296378418326
2016,11,33,0.007344789356984479
2016,11,34,0.004203621581670362
2016,11,35,0.01090169992609017
2016,11,36,0.001893939393939394
2016,11,37,0.003048780487804878
2016,11,38,0.011686991869918699
2016,11,39,0.005774205469327421
2016,11,40,0.009562084257206208
2016,11,41,0.00803769401330377
2016,11,42,0.012056541019955654
2016,11,43,0.03131929046563193
2016,11,44,0.022126755358462674
2016,11,45,0.004526977087952698
2016,11,46,0.01746119733924612
2016,11,47,0.0014320029563932002
2016,11,48,0.004988913525498891
2016,11,49,0.027900960827790096
2016,11,50,0.0047117516629711755
2016,11,51,0.007344789356984479
2016,11,52,0.004665558019216556
2016,11,53,0.014597191426459719
2016,11,54,0.005219881744271988
2016,11,55,0.00217110125646711
2016,11,56,0.007529563932002956
2016,11,57,0.0040650406504065045
2016,11,58,0.009238728750923873
2016,11,59,0.0033259423503325942
2016,11,60,0.005543237250554324
2016,11,61,0.01820029563932003
2016,11,62,0.003972653362897266
2016,11,63,0.00946969696969697
2016,11,64,0.003048780487804878
2016,11,65,0.007067627494456763
2016,11,66,0.01953991130820399
2016,11,67,0.024898373983739838
2016,11,68,0.019355136733185514
2016,11,69,0.024528824833702882
2016,11,70,0.011686991869918699
2016,11,71,0.028778640059127863
2016,11,72,0.003880266075388027
2016,11,73,0.010393569844789357
2016,11,74,0.00291019955654102
2016,11,75,0.009331116038433111
2016,11,76,0.007483370288248337
2016,11,77,0.007483370288248337
2016,12,1,0.012590727299659309
2016,12,2,0.012245099491433369
2016,12,3,0.011553843874981484
2016,12,4,0.008690070606823681
2016,12,5,0.0058756727398410116
2016,12,6,0.019355157260652744
2016,12,7,0.016639510196020342
2016,12,8,0.04670912951167728
2016,12,9,0.0012343850293783636
2016,12,10,0.00597442354219128
2016,12,11,0.0035550288846096876
2016,12,12,0.0021231422505307855
2016,12,13,0.003406902681084284
2016,12,14,0.009282575420925296
2016,12,15,0.013726361526687405
2016,12,16,0.012195724090258233
2016,12,17,0.006418802152767491
2016,12,18,0.002419394657581593
2016,12,19,0.019700785068878686
2016,12,20,0.0054312941292648
2016,12,21,0.009776329432676641
2016,12,22,0.023502690959364046
2016,12,23,0.02997086851330667
2016,12,24,0.03456278082259418
2016,12,25,0.06201550387596899
2016,12,26,0.015800128376043054
2016,12,27,0.017528267417172765
2016,12,28,0.03411840221201797
2016,12,29,0.03209401076383746
2016,12,30,0.015701377573692787
2016,12,31,0.008986323013874488
2016,12,32,0.038512812916604945
2016,12,33,0.005678171135140473
2016,12,34,0.003357527279909149
2016,12,35,0.009183824618575026
2016,12,36,0.003308151878734015
2016,12,37,0.0038019058904853603
2016,12,38,0.011652594677331754
2016,12,39,0.005776921937490742
2016,12,40,0.009726954031501506
2016,12,41,0.006369426751592357
2016,12,42,0.011553843874981484
2016,12,43,0.029723991507430998
2016,12,44,0.024588949785217005
2016,12,45,0.005678171135140473
2016,12,46,0.016590134794845206
2016,12,47,0.001728139041129709
2016,12,48,0.005184417123389127
2016,12,49,0.026218338023996444
2016,12,50,0.003357527279909149
2016,12,51,0.006320051350417222
2016,12,52,0.005135041722213993
2016,12,53,0.014071989334913345
2016,12,54,0.004295659902236706
2016,12,55,0.0030118994716832074
2016,12,56,0.00804819039154693
2016,12,57,0.0031106502740334764
2016,12,58,0.009282575420925296
2016,12,59,0.003406902681084284
2016,12,60,0.006961931565693971
2016,12,61,0.017627018219523033
2016,12,62,0.004394410704586974
2016,12,63,0.007801313385671259
2016,12,64,0.0038512812916604946
2016,12,65,0.008690070606823681
2016,12,66,0.02083641929590678
2016,12,67,0.023255813953488372
2016,12,68,0.021231422505307854
2016,12,69,0.02409519577346566
2016,12,70,0.012738853503184714
2016,12,71,0.025230830000493754
2016,12,72,0.004048782896361033
2016,12,73,0.011010714462055005
2016,12,74,0.001728139041129709
2016,12,75,0.008344442798597739
2016,12,76,0.0074556855774453165
2016,12,77,0.008838196810349084
2017,1,1,0.013166345536287732
2017,1,2,0.013992109367831912
2017,1,3,0.011973575557390587
2017,1,4,0.007340122947059363
2017,1,5,0.004358197999816497
2017,1,6,0.020322965409670612
2017,1,7,0.016744655472979174
2017,1,8,0.0403706762088265
2017,1,9,8.257638315441783E-4
2017,1,10,0.004633452610331223
2017,1,11,0.004312322231397376
2017,1,12,0.002156161115698688
2017,1,13,0.0030736764840811085
2017,1,14,0.009266905220662446
2017,1,15,0.012294705936324434
2017,1,16,0.01165244517845674
2017,1,17,0.005963849894485732
2017,1,18,0.0032571795577575925
2017,1,19,0.0198642077254794
2017,1,20,0.006973116799706395
2017,1,21,0.009129277915405083
2017,1,22,0.022249747683273695
2017,1,23,0.03137902559867878
2017,1,24,0.03298467749334801
2017,1,25,0.05830810166070282
2017,1,26,0.02068997155702358
2017,1,27,0.019680704651802917
2017,1,28,0.035920726672171756
2017,1,29,0.033948068630149555
2017,1,30,0.016240022020368842
2017,1,31,0.009863290210111019
2017,1,32,0.03137902559867878
2017,1,33,0.006055601431323975
2017,1,34,0.0037159372419488025
2017,1,35,0.011056060189008166
2017,1,36,0.002477291494632535
2017,1,37,0.002523167263051656
2017,1,38,0.010230296357463987
2017,1,39,0.006284980273419579
2017,1,40,0.008395265620699147
2017,1,41,0.006376731810257822
2017,1,42,0.01302871823103037
2017,1,43,0.031149646756583174
2017,1,44,0.02518579686209744
2017,1,45,0.005046334526103312
2017,1,46,0.01665290393614093
2017,1,47,9.633911368015414E-4
2017,1,48,0.004541701073492981
2017,1,49,0.02463528764106799
2017,1,50,0.0035324341682723185
2017,1,51,0.006881365262868153
2017,1,52,0.004449949536654739
2017,1,53,0.01394623359941279
2017,1,54,0.004771079915588586
2017,1,55,0.0031654280209193505
2017,1,56,0.006193228736581338
2017,1,57,0.0033948068630149553
2017,1,58,0.008441141389118268
2017,1,59,0.004266446462978255
2017,1,60,0.005688595283971007
2017,1,61,0.017616295072942472
2017,1,62,0.004633452610331223
2017,1,63,0.009542159831177172
2017,1,64,0.0032113037893384713
2017,1,65,0.009496284062758051
2017,1,66,0.021699238462244242
2017,1,67,0.0242224057252959
2017,1,68,0.022341499220111936
2017,1,69,0.025277548398935683
2017,1,70,0.012386457473162676
2017,1,71,0.02839710065143591
2017,1,72,0.0030736764840811085
2017,1,73,0.012615836315258281
2017,1,74,0.00224791265253693
2017,1,75,0.008349389852280027
2017,1,76,0.007294247178640243
2017,1,77,0.010230296357463987
2017,2,1,0.015403895357944754
2017,2,2,0.012323116286355804
2017,2,3,0.013315231580596314
2017,2,4,0.0071014568429847
2017,2,5,0.005221659443371104
2017,2,6,0.020103388856978748
2017,2,7,0.015873844707848153
2017,2,8,0.04140775938593285
2017,2,9,0.001670931021878753
2017,2,10,0.0038118113936609055
2017,2,11,0.005012793065636259
2017,2,12,0.0012531982664090648
2017,2,13,0.004333977337998016
2017,2,14,0.009242337214766853
2017,2,15,0.012218683097488381
2017,2,16,0.011278784397681584
2017,2,17,0.006213774737611613
2017,2,18,0.0025586131272518405
2017,2,19,0.01770142551302804
2017,2,20,0.00657929089864759
2017,2,21,0.00856352148712861
2017,2,22,0.021617670095556367
2017,2,23,0.03117330687692549
2017,2,24,0.03305310427653908
2017,2,25,0.060832332515273355
2017,2,26,0.020991070962351834
2017,2,27,0.01858910761840113
2017,2,28,0.03300088768210537
2017,2,29,0.03435851913738186
2017,2,30,0.015508328546812177
2017,2,31,0.010495535481175917
2017,2,32,0.03576836718709206
2017,2,33,0.007623622787321811
2017,2,34,0.003132995666022662
2017,2,35,0.009033470837032008
2017,2,36,0.0023497467495169964
2017,2,37,0.002610829721685552
2017,2,38,0.012584199258524359
2017,2,39,0.005691608793274502
2017,2,40,0.008354655109393766
2017,2,41,0.006683724087515012
2017,2,42,0.01462064644143909
2017,2,43,0.03132995666022662
2017,2,44,0.023445250900736254
2017,2,45,0.005117226254503681
2017,2,46,0.015090595791342488
2017,2,47,0.0012531982664090648
2017,2,48,0.005378309226672236
2017,2,49,0.02527283170591614
2017,2,50,0.004595060310166571
2017,2,51,0.005221659443371104
2017,2,52,0.005326092632238526
2017,2,53,0.015873844707848153
2017,2,54,0.005169442848937392
2017,2,55,0.0022453135606495746
2017,2,56,0.0075714061928881
2017,2,57,0.003968461176962038
2017,2,58,0.00966006997023654
2017,2,59,0.004751710093467704
2017,2,60,0.006527074304213879
2017,2,61,0.017962508485196597
2017,2,62,0.005117226254503681
2017,2,63,0.009816719753537675
2017,2,64,0.0031852122604563732
2017,2,65,0.006788157276382435
2017,2,66,0.022348702417628322
2017,2,67,0.023079734739700278
2017,2,68,0.0203644718291473
2017,2,69,0.023445250900736254
2017,2,70,0.011696517153151271
2017,2,71,0.029815675421649
2017,2,72,0.0036029450159260614
2017,2,73,0.010443318886742207
2017,2,74,0.0020364471829147305
2017,2,75,0.007989138948357788
2017,2,76,0.005482742415539659
2017,2,77,0.009764503159103963
2017,3,1,0.014170139740132386
2017,3,2,0.013924981613140475
2017,3,3,0.011816621721010051
2017,3,4,0.006472174552586418
2017,3,5,0.004903162539838196
2017,3,6,0.018828144152978673
2017,3,7,0.017112037264035304
2017,3,8,0.039715616572689384
2017,3,9,9.80632507967639E-4
2017,3,10,0.004216719784260848
2017,3,11,0.00451090953665114
2017,3,12,0.0016670752635449865
2017,3,13,0.003334150527089973
2017,3,14,0.008727629320911989
2017,3,15,0.012159843098798724
2017,3,16,0.010934052463839177
2017,3,17,0.0054915420446187795
2017,3,18,0.002402549644520716
2017,3,19,0.01828879627359647
2017,3,20,0.0065212061779848
2017,3,21,0.008629566070115224
2017,3,22,0.01926942878156411
2017,3,23,0.029075753861240502
2017,3,24,0.03138024025496445
2017,3,25,0.057219906839911745
2017,3,26,0.022652610934052464
2017,3,27,0.019955871537141456
2017,3,28,0.034469232655062514
2017,3,29,0.033880853150281935
2017,3,30,0.01627849963226281
2017,3,31,0.011032115714635941
2017,3,32,0.03834273106153469
2017,3,33,0.006962490806570238
2017,3,34,0.0030889924000980632
2017,3,35,0.010394704584456975
2017,3,36,0.0026477077715126255
2017,3,37,0.0029418975239029173
2017,3,38,0.013483696984555038
2017,3,39,0.004412846285854376
2017,3,40,0.010345672959058593
2017,3,41,0.007060554057367002
2017,3,42,0.015297867124295171
2017,3,43,0.03211571463594018
2017,3,44,0.023437116940426574
2017,3,45,0.005687668546212307
2017,3,46,0.01755332189262074
2017,3,47,0.0014709487619514587
2017,3,48,0.005197352292228488
2017,3,49,0.02657514096592302
2017,3,50,0.004216719784260848
2017,3,51,0.006276048050992891
2017,3,52,0.004903162539838196
2017,3,53,0.014170139740132386
2017,3,54,0.005099289041431723
2017,3,55,0.0026477077715126255
2017,3,56,0.00823731306692817
2017,3,57,0.003334150527089973
2017,3,58,0.007845060063741112
2017,3,59,0.004461877911252758
2017,3,60,0.005638636920813925
2017,3,61,0.018484922775189996
2017,3,62,0.003481245403285119
2017,3,63,0.008825692571708753
2017,3,64,0.003187055650894827
2017,3,65,0.0076489335621475855
2017,3,66,0.02162294680068644
2017,3,67,0.026428046089727875
2017,3,68,0.02162294680068644
2017,3,69,0.02382936994361363
2017,3,70,0.011669526844814905
2017,3,71,0.02731061534689875
2017,3,72,0.0028928658985045356
2017,3,73,0.011228242216229468
2017,3,74,0.002402549644520716
2017,3,75,0.008286344692326551
2017,3,76,0.007746996812944349
2017,3,77,0.009463103701887717
2017,4,1,0.015571979733184586
2017,4,2,0.012411100264956072
2017,4,3,0.013480221261562775
2017,4,4,0.005485055547808302
2017,4,5,0.004276483986426812
2017,4,6,0.02180077162645842
2017,4,7,0.014223957607028308
2017,4,8,0.042114070561985774
2017,4,9,7.902198670571282E-4
2017,4,10,0.003160879468228513
2017,4,11,0.004090549900060429
2017,4,12,0.0017663738204806397
2017,4,13,0.003811648770510854
2017,4,14,0.008320550364895644
2017,4,15,0.011806814484265328
2017,4,16,0.010970111095616604
2017,4,17,0.005810440198949472
2017,4,18,0.002184725514805002
2017,4,19,0.016687584251382885
2017,4,20,0.005670989634174685
2017,4,21,0.007855715148979687
2017,4,22,0.01808208989913076
2017,4,23,0.030446706642495235
2017,4,24,0.030121321991354064
2017,4,25,0.060660995677032495
2017,4,26,0.02277692557988193
2017,4,27,0.01808208989913076
2017,4,28,0.033840003718681726
2017,4,29,0.03574582810393715
2017,4,30,0.01705945242411565
2017,4,31,0.01045879235810905
2017,4,32,0.03769813601078418
2017,4,33,0.007111978803514154
2017,4,34,0.0036257146841444706
2017,4,35,0.009947473620601497
2017,4,36,0.002324176079579789
2017,4,37,0.0036257146841444706
2017,4,38,0.012597034351322456
2017,4,39,0.004462418072793195
2017,4,40,0.010737693487658625
2017,4,41,0.006786594152372984
2017,4,42,0.015943847905917352
2017,4,43,0.031097475944777575
2017,4,44,0.026820991958350766
2017,4,45,0.005020220331892344
2017,4,46,0.017803188769581185
2017,4,47,0.0010226374750151072
2017,4,48,0.005485055547808302
2017,4,49,0.027146376609491936
2017,4,50,0.005252637939850323
2017,4,51,0.006740110630781388
2017,4,52,0.004694835680751174
2017,4,53,0.016873518337749267
2017,4,54,0.005903407242132664
2017,4,55,0.0028354948170873427
2017,4,56,0.005578022590991494
2017,4,57,0.0030214289034537255
2017,4,58,0.007762748105796496
2017,4,59,0.003997582856877237
2017,4,60,0.005949890763724259
2017,4,61,0.01585088086273416
2017,4,62,0.002742527773904151
2017,4,63,0.00925022079672756
2017,4,64,0.0036721982057360664
2017,4,65,0.006228791893273834
2017,4,66,0.021893738669641612
2017,4,67,0.02761121182540789
2017,4,68,0.022544507971923953
2017,4,69,0.02338121136057268
2017,4,70,0.009668572491051922
2017,4,71,0.031329893552735556
2017,4,72,0.0030679124250453213
2017,4,73,0.011109561660391391
2017,4,74,0.0018128573420722353
2017,4,75,0.007019011760330963
2017,4,76,0.0064147259796402175
2017,4,77,0.008971319667177985
2017,5,1,0.015788111465792426
2017,5,2,0.012811664222241394
2017,5,3,0.01302734880510741
2017,5,4,0.007462686567164179
2017,5,5,0.006297989819687689
2017,5,6,0.02087826762143042
2017,5,7,0.015960659132085237
2017,5,8,0.04020360624622552
2017,5,9,6.470537485980502E-4
2017,5,10,0.003709774825295488
2017,5,11,0.004313691657320335
2017,5,12,0.0026744888275386076
2017,5,13,0.0027607626606850144
2017,5,14,0.009231300146665516
2017,5,15,0.011819515141057717
2017,5,16,0.01212147355707014
2017,5,17,0.005866620653955656
2017,5,18,0.001984298162367354
2017,5,19,0.014709688551462341
2017,5,20,0.006341126736260892
2017,5,21,0.010223449227849193
2017,5,22,0.017470451212147357
2017,5,23,0.031144853765852815
2017,5,24,0.027909585022862567
2017,5,25,0.05810542662410491
2017,5,26,0.021999827452333708
2017,5,27,0.018764558709343456
2017,5,28,0.0321801397636097
2017,5,29,0.03532913467345354
2017,5,30,0.019497886291087913
2017,5,31,0.009446984729531533
2017,5,32,0.036795789836942455
2017,5,33,0.006772495901992926
2017,5,34,0.004356828573893538
2017,5,35,0.008282287982055042
2017,5,36,0.002286256578379777
2017,5,37,0.002976447243551031
2017,5,38,0.012078336640496937
2017,5,39,0.006168579069968079
2017,5,40,0.011258735225606074
2017,5,41,0.005564662237943232
2017,5,42,0.015917522215512035
2017,5,43,0.03148994909843844
2017,5,44,0.025191959278750755
2017,5,45,0.003580364075575878
2017,5,46,0.01690967129669571
2017,5,47,0.001250970580622897
2017,5,48,0.0057372099042360455
2017,5,49,0.026572340609093262
2017,5,50,0.004874471572771978
2017,5,51,0.006901906651712536
2017,5,52,0.005650936071089638
2017,5,53,0.015270468466913985
2017,5,54,0.005047019239064792
2017,5,55,0.0030195841601242343
2017,5,56,0.0076783711500301955
2017,5,57,0.003623500992149081
2017,5,58,0.007031317401432146
2017,5,59,0.0037960486584418945
2017,5,60,0.004270554740747131
2017,5,61,0.017988094211025797
2017,5,62,0.0032352687429902513
2017,5,63,0.010007764644983177
2017,5,64,0.003105857993270641
2017,5,65,0.0060391683202484685
2017,5,66,0.021827279786040894
2017,5,67,0.025925286860495212
2017,5,68,0.02618410835993443
2017,5,69,0.024286084030713483
2017,5,70,0.007937192649469417
2017,5,71,0.03002329393494953
2017,5,72,0.003494090242429471
2017,5,73,0.012035199723923733
2017,5,74,0.0028038995772582177
2017,5,75,0.008239151065481839
2017,5,76,0.006599948235700112
2017,5,77,0.009188163230092312
2017,6,1,0.014662259513518095
2017,6,2,0.012628188829561827
2017,6,3,0.012670565302144249
2017,6,4,0.006737859140605136
2017,6,5,0.005847953216374269
2017,6,6,0.023179930502584965
2017,6,7,0.016357318416814984
2017,6,8,0.04580896686159844
2017,6,9,8.475294516484447E-4
2017,6,10,0.003432494279176201
2017,6,11,0.003517247224341046
2017,6,12,0.0020340706839562673
2017,6,13,0.0036020001695058904
2017,6,14,0.008983812187473515
2017,6,15,0.011823035850495805
2017,6,16,0.010678871090770405
2017,6,17,0.006102212051868803
2017,6,18,0.002500211882362912
2017,6,19,0.016018306636155607
2017,6,20,0.0055936943808797355
2017,6,21,0.007754894482583269
2017,6,22,0.018391389100771253
2017,6,23,0.030765319094838546
2017,6,24,0.03284176625137723
2017,6,25,0.05953894397830325
2017,6,26,0.01949317738791423
2017,6,27,0.01779811848461734
2017,6,28,0.03504534282566319
2017,6,29,0.031061954402915502
2017,6,30,0.018476142045936096
2017,6,31,0.008814306297143826
2017,6,32,0.038350707687092124
2017,6,33,0.00830578862615476
2017,6,34,0.004322400203407069
2017,6,35,0.009873718111704382
2017,6,36,0.0030934824985168236
2017,6,37,0.004110517840494957
2017,6,38,0.012162047631155182
2017,6,39,0.005339435545385202
2017,6,40,0.010890753453682515
2017,6,41,0.007161623866429359
2017,6,42,0.016187812526485296
2017,6,43,0.03419781337401475
2017,6,44,0.024663107042969742
2017,6,45,0.004195270785659802
2017,6,46,0.014874141876430207
2017,6,47,0.0013136706500550895
2017,6,48,0.004661411984066446
2017,6,49,0.028476989575387746
2017,6,50,0.003941011950165268
2017,6,51,0.0062717179421984915
2017,6,52,0.0038138825324180014
2017,6,53,0.015043647766759895
2017,6,54,0.005720823798627002
2017,6,55,0.0022035765742859565
2017,6,56,0.006737859140605136
2017,6,57,0.002627341300110179
2017,6,58,0.006610729722857869
2017,6,59,0.004025764895330112
2017,6,60,0.004915670819560979
2017,6,61,0.018645647936265785
2017,6,62,0.0042800237308246464
2017,6,63,0.007627765064836003
2017,6,64,0.00322061191626409
2017,6,65,0.007161623866429359
2017,6,66,0.02156962454445292
2017,6,67,0.027205695397915078
2017,6,68,0.023561318755826764
2017,6,69,0.023179930502584965
2017,6,70,0.00813628273582507
2017,6,71,0.026188660055936945
2017,6,72,0.004661411984066446
2017,6,73,0.01228917704890245
2017,6,74,0.0019069412662090007
2017,6,75,0.008390541571319604
2017,6,76,0.005932706161539113
2017,6,77,0.008941435714891092
2017,7,1,0.016531946870303425
2017,7,2,0.013119948007636379
2017,7,3,0.013972947723303139
2017,7,4,0.0069052357934928305
2017,7,5,0.005524188634794264
2017,7,6,0.022381087777732647
2017,7,7,0.01620699459766847
2017,7,8,0.04654941305495755
2017,7,9,0.0014216661927779358
2017,7,10,0.00402128437385759
2017,7,11,0.003899427271619481
2017,7,12,0.00199033266988911
2017,7,13,0.003371379828587676
2017,7,14,0.008489378122588246
2017,7,15,0.012145091189731509
2017,7,16,0.010723424996953572
2017,7,17,0.004143141476095699
2017,7,18,0.0020715707380478494
2017,7,19,0.01681628010885901
2017,7,20,0.005524188634794264
2017,7,21,0.008123806815873918
2017,7,22,0.019253422153621188
2017,7,23,0.029530037775701692
2017,7,24,0.03200779885454324
2017,7,25,0.05698850481335554
2017,7,26,0.020268898005605426
2017,7,27,0.017181851415573338
2017,7,28,0.03200779885454324
2017,7,29,0.03306389374060685
2017,7,30,0.017222470449652708
2017,7,31,0.009261139770096268
2017,7,32,0.038425606239083636
2017,7,33,0.006742759657175352
2017,7,34,0.0038588082375401113
2017,7,35,0.009626711076810594
2017,7,36,0.002396523010682806
2017,7,37,0.003899427271619481
2017,7,38,0.013201186075795117
2017,7,39,0.006092855111905439
2017,7,40,0.009748568179048702
2017,7,41,0.0067021406230959825
2017,7,42,0.014582233234493683
2017,7,43,0.03306389374060685
2017,7,44,0.022421706811812016
2017,7,45,0.00499614119176246
2017,7,46,0.018684755676510012
2017,7,47,0.0018684755676510012
2017,7,48,0.004752426987286242
2017,7,49,0.02786465737844754
2017,7,50,0.00402128437385759
2017,7,51,0.006214712214143547
2017,7,52,0.004102522442016329
2017,7,53,0.0161663755635891
2017,7,54,0.005239855396238677
2017,7,55,0.0025589991470002845
2017,7,56,0.0074332832365246355
2017,7,57,0.0026402372151590235
2017,7,58,0.008489378122588246
2017,7,59,0.00398066533977822
2017,7,60,0.005686664771111743
2017,7,61,0.018319184369795686
2017,7,62,0.0034526178967464152
2017,7,63,0.00800194971363581
2017,7,64,0.0032089036922701977
2017,7,65,0.0071489499979690485
2017,7,66,0.020593850278240382
2017,7,67,0.028677038060034934
2017,7,68,0.022421706811812016
2017,7,69,0.024533896583939233
2017,7,70,0.007514521304683375
2017,7,71,0.029164466468987366
2017,7,72,0.003290141760428937
2017,7,73,0.01088590113327105
2017,7,74,0.002680856249238393
2017,7,75,0.006499045452699134
2017,7,76,0.006499045452699134
2017,7,77,0.01092652016735042
