2015,1,1,0.01249558248218177
2015,1,2,0.01237518774860349
2015,1,3,0.013638177780232092
2015,1,4,0.012851846481324113
2015,1,5,0.01387219015805733
2015,1,6,0.01348039556184911
2015,1,7,0.014848721142442236
2015,1,8,0.014800372860575896
2015,1,9,0.012056796218351743
2015,1,10,0.011710662829906123
2015,1,11,0.012075613756382905
2015,1,12,0.012131724371156593
2015,1,13,0.01253040478810241
2015,1,14,0.012425644129156593
2015,1,15,0.012763257816081865
2015,1,16,0.012927214261897685
2015,1,17,0.012467194523759509
2015,1,18,0.013772768440495893
2015,1,19,0.014164817982373344
2015,1,20,0.015343161310149542
2015,1,21,0.01395264820788973
2015,1,22,0.014288779604969557
2015,1,23,0.0153635935705741
2015,1,24,0.014639693144837969
2015,1,25,0.013711622931111778
2015,1,26,0.016666236721808277
2015,1,27,0.015982804408759647
2015,1,28,0.014043194460345462
2015,1,29,0.015032870000973742
2015,1,30,0.01452444680419401
2015,1,31,0.013979200873608762
2015,1,32,0.01548870469312568
2015,1,33,0.013604515404342894
2015,1,34,0.012984647597488996
2015,1,35,0.012289186931360881
2015,1,36,0.012672005641917825
2015,1,37,0.01323601294690534
2015,1,38,0.012105040251686015
2015,1,39,0.012487160585590913
2015,1,40,0.013213836969031723
2015,1,41,0.013363517061232615
2015,1,42,0.013922660597151476
2015,1,43,0.012205557542538603
2015,1,44,0.013258777376499222
2015,1,45,0.013462291510017108
2015,1,46,0.01239344013358431
2015,1,47,0.01331023235553767
2015,1,48,0.012807300573259591
2015,1,49,0.012257218259588278
2015,1,50,0.012970449048259183
2015,1,51,0.012113421495788097
2015,1,52,0.012575317798830725
2015,1,53,0.012597363213236224
2015,1,54,0.01280652485312375
2015,1,55,0.012514029477824888
2015,1,56,0.012369000047530323
2015,1,57,0.013378454436757182
2015,1,58,0.013405464402394596
2015,1,59,0.013710976984463228
2015,1,60,0.01301041653336841
2015,1,61,0.01300973382419151
2015,1,62,0.013018991523094724
2015,1,63,0.013566082605699185
2015,1,64,0.012808717851790755
2015,1,65,0.01291957360913694
2015,1,66,0.01294866876989007
2015,1,67,0.01377531792857784
2015,1,68,0.013600605235800563
2015,1,69,0.013611610480122032
2015,1,70,0.013208607474966093
2015,1,71,0.01329523480464563
2015,1,72,0.013389121664649251
2015,1,73,0.013751302335837892
2015,1,74,0.012977604539476453
2015,1,75,0.012761177025843588
2015,1,76,0.012729251959393997
2015,1,77,0.013126454540889666
2015,2,1,0.012734819670387067
2015,2,2,0.012564691786206067
2015,2,3,0.013721897035071236
2015,2,4,0.013168897827205279
2015,2,5,0.014047658043132379
2015,2,6,0.013730785000704761
2015,2,7,0.014856268670453796
2015,2,8,0.014659209021432877
2015,2,9,0.012143321675706796
2015,2,10,0.011817904761063031
2015,2,11,0.012139974626989933
2015,2,12,0.012336865772953126
2015,2,13,0.012914951989028409
2015,2,14,0.012634893737887861
2015,2,15,0.012912220593088972
2015,2,16,0.013110104224549642
2015,2,17,0.012515662777661432
2015,2,18,0.013786199246531319
2015,2,19,0.014201724702020068
2015,2,20,0.015533424723421046
2015,2,21,0.014229453628105342
2015,2,22,0.014360900080292713
2015,2,23,0.015389810858573891
2015,2,24,0.014638636359917226
2015,2,25,0.013746824936414052
2015,2,26,0.016761937353977338
2015,2,27,0.01599770585884492
2015,2,28,0.014149692500965263
2015,2,29,0.01511086349513987
2015,2,30,0.01456414342038057
2015,2,31,0.013879336218139006
2015,2,32,0.015436169811340493
2015,2,33,0.013450901156654555
2015,2,34,0.012849627759085148
2015,2,35,0.012154327911681194
2015,2,36,0.012498788512839976
2015,2,37,0.013112689633263338
2015,2,38,0.011836516867571091
2015,2,39,0.012222944651895329
2015,2,40,0.013031152844605156
2015,2,41,0.013051642174392225
2015,2,42,0.013606811072763991
2015,2,43,0.012059679899050069
2015,2,44,0.013058972536356345
2015,2,45,0.01326750053191231
2015,2,46,0.012196312923624004
2015,2,47,0.0132493651866252
2015,2,48,0.012684573054278907
2015,2,49,0.012321161953525587
2015,2,50,0.012845913665585202
2015,2,51,0.011998476512244982
2015,2,52,0.012444494601468886
2015,2,53,0.012545261360323572
2015,2,54,0.012637722569853675
2015,2,55,0.0123428673368985
2015,2,56,0.01239463013030608
2015,2,57,0.01343675212071012
2015,2,58,0.013468609043282311
2015,2,59,0.01372272865819004
2015,2,60,0.012996717112864528
2015,2,61,0.012939053702626485
2015,2,62,0.013084092868718237
2015,2,63,0.013652456826186423
2015,2,64,0.012800829928908809
2015,2,65,0.012911616142543169
2015,2,66,0.012955878231059462
2015,2,67,0.013725530373422716
2015,2,68,0.013590283141539882
2015,2,69,0.013510444331711106
2015,2,70,0.013324214300650667
2015,2,71,0.01326456748897803
2015,2,72,0.013400768728195763
2015,2,73,0.013650973856713846
2015,2,74,0.012944572323879916
2015,2,75,0.012803834892875598
2015,2,76,0.012759021315423969
2015,2,77,0.013308685786505748
2015,3,1,0.012470857945955623
2015,3,2,0.012283450098495633
2015,3,3,0.013608333623893574
2015,3,4,0.012815233435942987
2015,3,5,0.013803455954453342
2015,3,6,0.013514730883903314
2015,3,7,0.014716502550641615
2015,3,8,0.014912045002350154
2015,3,9,0.011920226856739507
2015,3,10,0.011596634508078456
2015,3,11,0.011890372151897973
2015,3,12,0.011974232696434444
2015,3,13,0.012481893788481834
2015,3,14,0.01217558154049639
2015,3,15,0.012653798050351706
2015,3,16,0.012755876506216696
2015,3,17,0.012378689602425103
2015,3,18,0.01356158241498247
2015,3,19,0.01395290905511751
2015,3,20,0.015252695943306705
2015,3,21,0.013919867850469439
2015,3,22,0.014201185994141588
2015,3,23,0.015313420758498763
2015,3,24,0.01476925494451882
2015,3,25,0.013822306176516481
2015,3,26,0.016866599572540917
2015,3,27,0.01611218920226347
2015,3,28,0.014088313575136081
2015,3,29,0.01520152313861037
2015,3,30,0.014707692584267226
2015,3,31,0.014073967646819372
2015,3,32,0.015202385027149821
2015,3,33,0.013660846508957932
2015,3,34,0.013060132051528912
2015,3,35,0.01229777524445223
2015,3,36,0.012728707057225916
2015,3,37,0.01337234445114757
2015,3,38,0.012206509112730041
2015,3,39,0.012562089531031806
2015,3,40,0.013408211484400296
2015,3,41,0.013476246465009797
2015,3,42,0.014041701764200717
2015,3,43,0.01247936878510314
2015,3,44,0.013440180635517014
2015,3,45,0.013526468134373124
2015,3,46,0.01241184417483505
2015,3,47,0.013503887937353617
2015,3,48,0.012921852327480195
2015,3,49,0.012487012652609175
2015,3,50,0.013047583945290825
2015,3,51,0.012093321485871597
2015,3,52,0.012592901890132688
2015,3,53,0.012656761154911874
2015,3,54,0.012762308327392993
2015,3,55,0.012433491547639565
2015,3,56,0.012450227487957368
2015,3,57,0.013580048342462634
2015,3,58,0.01364601850801596
2015,3,59,0.01394021325908848
2015,3,60,0.013066044032676104
2015,3,61,0.013185937494993126
2015,3,62,0.013201721520843826
2015,3,63,0.013781972157021346
2015,3,64,0.012862105574557752
2015,3,65,0.012957367453612586
2015,3,66,0.01315931412860451
2015,3,67,0.013844812243694257
2015,3,68,0.01392927297271043
2015,3,69,0.013738427610694139
2015,3,70,0.013450438131217313
2015,3,71,0.013602700501521398
2015,3,72,0.01351152925943584
2015,3,73,0.01382295818651743
2015,3,74,0.013044222476053073
2015,3,75,0.012931041312252575
2015,3,76,0.012682782598472471
2015,3,77,0.012982661600348165
2015,4,1,0.012476015061767024
2015,4,2,0.012104854878166848
2015,4,3,0.01353880102247223
2015,4,4,0.012710244426889013
2015,4,5,0.013730378653962974
2015,4,6,0.013595702686723856
2015,4,7,0.014859987176456665
2015,4,8,0.01502074718581987
2015,4,9,0.011875146572812616
2015,4,10,0.011446742672667034
2015,4,11,0.01177855156476438
2015,4,12,0.011823974692434376
2015,4,13,0.01224386486438659
2015,4,14,0.012022478436657335
2015,4,15,0.012490769951558366
2015,4,16,0.012634665996966459
2015,4,17,0.012229680638688989
2015,4,18,0.013458383856645585
2015,4,19,0.013858008772905318
2015,4,20,0.015108032979844433
2015,4,21,0.013749283790612469
2015,4,22,0.014102335822813896
2015,4,23,0.015195598316345198
2015,4,24,0.014853244427042854
2015,4,25,0.013568465687593062
2015,4,26,0.016774313568544467
2015,4,27,0.016069030125671884
2015,4,28,0.014030336050504168
2015,4,29,0.015155814273233927
2015,4,30,0.014612671174939137
2015,4,31,0.0142326396790694
2015,4,32,0.015408340164564388
2015,4,33,0.013758559958591493
2015,4,34,0.013066899685850153
2015,4,35,0.012388015746770557
2015,4,36,0.012773211065702743
2015,4,37,0.01359495091617988
2015,4,38,0.012292913552437052
2015,4,39,0.012665625039394583
2015,4,40,0.01358122425535059
2015,4,41,0.013519715948168759
2015,4,42,0.014009303932702746
2015,4,43,0.012589848178582002
2015,4,44,0.013606844060984153
2015,4,45,0.013613769698347515
2015,4,46,0.012513808177393565
2015,4,47,0.013532081439681643
2015,4,48,0.012850421131354144
2015,4,49,0.012563667360335767
2015,4,50,0.013090420422564218
2015,4,51,0.012182582687062068
2015,4,52,0.012644984762195454
2015,4,53,0.012776849963562327
2015,4,54,0.012831299370252694
2015,4,55,0.012526815377351435
2015,4,56,0.012475359630830771
2015,4,57,0.013604202556651752
2015,4,58,0.013739819109104533
2015,4,59,0.014010769709516696
2015,4,60,0.013203698011567809
2015,4,61,0.013372474085723457
2015,4,62,0.013221810881931024
2015,4,63,0.01395553694484568
2015,4,64,0.012580958387193105
2015,4,65,0.013081819169898503
2015,4,66,0.01330271185299637
2015,4,67,0.014138461147184056
2015,4,68,0.01401627671576273
2015,4,69,0.013915211223891189
2015,4,70,0.013570911562073093
2015,4,71,0.013833309281448287
2015,4,72,0.013638461560489302
2015,4,73,0.01397494801417115
2015,4,74,0.013135183659626721
2015,4,75,0.012981594514733337
2015,4,76,0.012614157258352958
2015,4,77,0.01289203482865454
2015,5,1,0.012479347929274303
2015,5,2,0.012270141169084453
2015,5,3,0.013652938049675413
2015,5,4,0.012786388300247196
2015,5,5,0.013763605957677862
2015,5,6,0.013543150734504203
2015,5,7,0.014820712482302508
2015,5,8,0.0146286167362466
2015,5,9,0.011809737652609974
2015,5,10,0.011423968139743702
2015,5,11,0.011739003885334968
2015,5,12,0.011890625836023577
2015,5,13,0.01242714043812839
2015,5,14,0.012014133096180735
2015,5,15,0.012430693690560896
2015,5,16,0.012682134370504297
2015,5,17,0.012146818142924468
2015,5,18,0.013333966062587023
2015,5,19,0.013708427071151181
2015,5,20,0.014912017706088087
2015,5,21,0.01368692178158382
2015,5,22,0.014027207797572959
2015,5,23,0.014966636563982297
2015,5,24,0.014785728950345972
2015,5,25,0.013366427379602744
2015,5,26,0.016697473467448393
2015,5,27,0.015789892255525333
2015,5,28,0.014084576460669542
2015,5,29,0.014783113422490612
2015,5,30,0.014586070984608616
2015,5,31,0.014134350033021669
2015,5,32,0.015661444130377355
2015,5,33,0.013749169456458174
2015,5,34,0.013156202220844902
2015,5,35,0.012401257823713473
2015,5,36,0.012850692326047092
2015,5,37,0.013602311120296667
2015,5,38,0.012322753645858999
2015,5,39,0.012618877642785534
2015,5,40,0.013643451573401848
2015,5,41,0.013430285527895762
2015,5,42,0.013941834791609115
2015,5,43,0.01251022474314524
2015,5,44,0.01354963247928032
2015,5,45,0.013552943435301026
2015,5,46,0.01237321307516549
2015,5,47,0.013442598273250872
2015,5,48,0.01283669368799612
2015,5,49,0.012622643640249013
2015,5,50,0.013103047109612825
2015,5,51,0.01217581587112342
2015,5,52,0.012624238495176573
2015,5,53,0.012755393195892148
2015,5,54,0.012896346547089795
2015,5,55,0.012494264546122824
2015,5,56,0.012445880467160851
2015,5,57,0.013516360759529196
2015,5,58,0.013761104233745543
2015,5,59,0.014012225754445233
2015,5,60,0.013303426080780922
2015,5,61,0.013458719396248237
2015,5,62,0.013258066389370974
2015,5,63,0.013960194320654833
2015,5,64,0.012688882446915012
2015,5,65,0.013079926435524903
2015,5,66,0.013343644693971939
2015,5,67,0.014135176636420289
2015,5,68,0.014013677769214075
2015,5,69,0.013886574977189502
2015,5,70,0.013715076091015042
2015,5,71,0.013990091455431659
2015,5,72,0.013700270217765258
2015,5,73,0.014011498830395493
2015,5,74,0.013227583899035078
2015,5,75,0.013154690433747465
2015,5,76,0.012565864933111081
2015,5,77,0.013068039946542414
2015,6,1,0.012512301263297271
2015,6,2,0.012266321282452659
2015,6,3,0.014010616026079547
2015,6,4,0.01279820592272841
2015,6,5,0.01392963790070685
2015,6,6,0.013559956573362165
2015,6,7,0.015346747969994906
2015,6,8,0.015222726972944562
2015,6,9,0.011747839032519561
2015,6,10,0.011398464004063193
2015,6,11,0.011655983216294803
2015,6,12,0.01177782537971052
2015,6,13,0.012375468934539752
2015,6,14,0.012002221073784203
2015,6,15,0.012338072936713155
2015,6,16,0.012601818735591928
2015,6,17,0.012069630904832547
2015,6,18,0.013222885432193786
2015,6,19,0.013705309647584171
2015,6,20,0.014801876050403194
2015,6,21,0.013696819499004424
2015,6,22,0.01415210355150448
2015,6,23,0.0150557502796746
2015,6,24,0.014926546386137655
2015,6,25,0.013313078575293935
2015,6,26,0.01655091388574089
2015,6,27,0.01582546230728975
2015,6,28,0.014330223904850647
2015,6,29,0.014810585834595857
2015,6,30,0.014589401305057025
2015,6,31,0.014243704542927399
2015,6,32,0.015809734634503053
2015,6,33,0.013855359673897834
2015,6,34,0.013331871614074772
2015,6,35,0.012580842996960037
2015,6,36,0.012871465441829443
2015,6,37,0.013519700969179897
2015,6,38,0.012273041656724652
2015,6,39,0.012665281786460572
2015,6,40,0.013548038717761147
2015,6,41,0.013420774095200537
2015,6,42,0.013945771805754697
2015,6,43,0.012536778249490751
2015,6,44,0.01342741805441708
2015,6,45,0.013502475536773457
2015,6,46,0.012438257031479851
2015,6,47,0.013384499880869438
2015,6,48,0.0128057687343346
2015,6,49,0.012467386157960813
2015,6,50,0.012998367590689305
2015,6,51,0.012140341874146523
2015,6,52,0.012582200255778535
2015,6,53,0.012687789218655002
2015,6,54,0.012704589265356078
2015,6,55,0.01248034530026092
2015,6,56,0.01240587548041899
2015,6,57,0.013540968123486265
2015,6,58,0.013739375062069159
2015,6,59,0.014082280510203457
2015,6,60,0.013366292229188571
2015,6,61,0.013350945814440593
2015,6,62,0.013200629820518207
2015,6,63,0.013816196846927687
2015,6,64,0.012737030494684382
2015,6,65,0.01307830020146614
2015,6,66,0.013226915904370244
2015,6,67,0.014054526797593047
2015,6,68,0.013939749534779016
2015,6,69,0.013710839729339796
2015,6,70,0.013530046339924285
2015,6,71,0.013695023327865506
2015,6,72,0.013546500226969928
2015,6,73,0.01381601134393105
2015,6,74,0.013154447539782782
2015,6,75,0.012922960535678844
2015,6,76,0.012534883716366338
2015,6,77,0.013238350896227912
2015,7,1,0.012522590410135225
2015,7,2,0.012364140043811967
2015,7,3,0.013947123264486452
2015,7,4,0.012886821112974295
2015,7,5,0.01393475345025465
2015,7,6,0.013796522600511923
2015,7,7,0.01527883287832272
2015,7,8,0.015747421394364088
2015,7,9,0.011909745131566368
2015,7,10,0.011427903430792351
2015,7,11,0.011742201940414249
2015,7,12,0.011881937395125249
2015,7,13,0.012303484839720042
2015,7,14,0.012083065718329159
2015,7,15,0.012502404886332375
2015,7,16,0.01258398694901512
2015,7,17,0.012241943549111038
2015,7,18,0.013379137299779228
2015,7,19,0.013788665976552966
2015,7,20,0.015066222626616473
2015,7,21,0.013772783097057985
2015,7,22,0.014179874444190306
2015,7,23,0.015160206187706186
2015,7,24,0.015144976124010927
2015,7,25,0.01339687963887883
2015,7,26,0.016820393985765
2015,7,27,0.01590441749335
2015,7,28,0.014412311215782053
2015,7,29,0.014898543027306772
2015,7,30,0.014566208140443055
2015,7,31,0.014227826670210534
2015,7,32,0.016104723855265787
2015,7,33,0.014108645510431426
2015,7,34,0.013361153691701782
2015,7,35,0.01266072346889523
2015,7,36,0.012969560145471003
2015,7,37,0.01346789896595603
2015,7,38,0.012410662036619622
2015,7,39,0.012743815770725647
2015,7,40,0.013491731516069016
2015,7,41,0.0135291250400801
2015,7,42,0.013933118148020935
2015,7,43,0.012560916061055244
2015,7,44,0.013204007379002538
2015,7,45,0.013523044802616202
2015,7,46,0.012304605463599181
2015,7,47,0.013317470180506673
2015,7,48,0.012811726043718837
2015,7,49,0.012326311039779495
2015,7,50,0.012914660016615754
2015,7,51,0.012050396593650042
2015,7,52,0.012673828860342183
2015,7,53,0.012494351228860482
2015,7,54,0.012681604188894937
2015,7,55,0.012420065771778647
2015,7,56,0.012354500999780886
2015,7,57,0.013402854359081272
2015,7,58,0.01350978508730119
2015,7,59,0.014002696991569676
2015,7,60,0.013323776243677124
2015,7,61,0.013195920058254635
2015,7,62,0.012938950641651448
2015,7,63,0.013625437808542473
2015,7,64,0.012534256160865908
2015,7,65,0.012745872552431795
2015,7,66,0.013033395389709362
2015,7,67,0.013687701752639659
2015,7,68,0.013852626733767432
2015,7,69,0.013718148192202254
2015,7,70,0.013248139866721124
2015,7,71,0.01345808242832076
2015,7,72,0.013335276164062323
2015,7,73,0.013619443773017225
2015,7,74,0.012890888210531467
2015,7,75,0.012667696031771746
2015,7,76,0.01261651344725694
2015,7,77,0.013230959789893602
2015,8,1,0.012693251962663346
2015,8,2,0.01227790272429264
2015,8,3,0.014062798953909404
2015,8,4,0.012988870865800278
2015,8,5,0.014046340035402144
2015,8,6,0.01376751849223563
2015,8,7,0.015593495471067724
2015,8,8,0.015894497391698206
2015,8,9,0.01175518446335473
2015,8,10,0.011448527141146836
2015,8,11,0.011674693951172752
2015,8,12,0.011834818571768428
2015,8,13,0.01234552585912216
2015,8,14,0.01203180603984048
2015,8,15,0.012431398401922608
2015,8,16,0.012677554999058217
2015,8,17,0.01211102506807255
2015,8,18,0.013308904026171185
2015,8,19,0.013722579242004979
2015,8,20,0.014918685697468953
2015,8,21,0.01376976286596517
2015,8,22,0.014147221034180526
2015,8,23,0.015148684682428385
2015,8,24,0.015100968403278915
2015,8,25,0.013353094747947297
2015,8,26,0.016571747038012234
2015,8,27,0.01589081676004511
2015,8,28,0.014456683727912402
2015,8,29,0.014865530923014807
2015,8,30,0.014443928453066218
2015,8,31,0.01425954445728433
2015,8,32,0.016153117594984463
2015,8,33,0.014147194134705977
2015,8,34,0.013307982684611138
2015,8,35,0.012662831978177587
2015,8,36,0.012835338672716856
2015,8,37,0.013553136750523578
2015,8,38,0.012286286798888404
2015,8,39,0.012724340667939349
2015,8,40,0.013430944692234083
2015,8,41,0.013418310131450516
2015,8,42,0.013847182097463103
2015,8,43,0.012452204690148159
2015,8,44,0.01336054343307088
2015,8,45,0.013404625645891701
2015,8,46,0.012247247998269097
2015,8,47,0.013187968877712786
2015,8,48,0.012768381719297207
2015,8,49,0.012454518386048134
2015,8,50,0.012861728095246985
2015,8,51,0.01202490532617351
2015,8,52,0.012586217134209526
2015,8,53,0.012513014720107466
2015,8,54,0.012771661076489544
2015,8,55,0.01238215137412612
2015,8,56,0.012276091006138726
2015,8,57,0.013425786186850001
2015,8,58,0.01356569014661724
2015,8,59,0.014013679785402234
2015,8,60,0.013365976304652522
2015,8,61,0.01325236977350414
2015,8,62,0.012886434766807798
2015,8,63,0.013645757207014211
2015,8,64,0.012484015200876785
2015,8,65,0.012865652181162729
2015,8,66,0.01317989204618988
2015,8,67,0.013819171293336823
2015,8,68,0.01384204799749371
2015,8,69,0.013683556813868064
2015,8,70,0.013245191178093935
2015,8,71,0.01354974695765652
2015,8,72,0.01351468431613022
2015,8,73,0.013744612371936409
2015,8,74,0.01303905812512116
2015,8,75,0.01285278335627946
2015,8,76,0.012565889747846563
2015,8,77,0.013214766154884136
2015,9,1,0.012721428414643209
2015,9,2,0.012582793920741304
2015,9,3,0.014198633818440895
2015,9,4,0.013069826898986541
2015,9,5,0.014214264784845465
2015,9,6,0.013855955406807185
2015,9,7,0.015591538165505495
2015,9,8,0.015581524652790852
2015,9,9,0.01187325622425744
2015,9,10,0.011502720450139357
2015,9,11,0.011803441861632525
2015,9,12,0.011928643418272097
2015,9,13,0.012477686802527994
2015,9,14,0.012270906092825804
2015,9,15,0.012564208882274558
2015,9,16,0.012723570342160807
2015,9,17,0.012175196421508458
2015,9,18,0.01339427474347461
2015,9,19,0.01370235386874349
2015,9,20,0.015038280902448565
2015,9,21,0.013894357074550792
2015,9,22,0.014260033188374138
2015,9,23,0.01512656535892798
2015,9,24,0.014943748531136213
2015,9,25,0.013414953727645965
2015,9,26,0.01664660926485529
2015,9,27,0.015818922810493213
2015,9,28,0.014439059633365534
2015,9,29,0.014890971520040819
2015,9,30,0.014433129290336908
2015,9,31,0.01422237388351921
2015,9,32,0.01573125223848303
2015,9,33,0.013966623851718868
2015,9,34,0.013241724293594498
2015,9,35,0.01261437713050856
2015,9,36,0.012961099202659613
2015,9,37,0.013585087435074202
2015,9,38,0.012295330266173642
2015,9,39,0.012780381027870736
2015,9,40,0.013455235542317883
2015,9,41,0.013452216273302637
2015,9,42,0.013936195908355284
2015,9,43,0.01256410791529843
2015,9,44,0.013330125740520567
2015,9,45,0.013505480222518159
2015,9,46,0.012380157995993615
2015,9,47,0.013268138938710622
2015,9,48,0.012689395232371245
2015,9,49,0.012389410664990677
2015,9,50,0.012888971084540917
2015,9,51,0.011998499520475483
2015,9,52,0.012558765913370866
2015,9,53,0.012485791473745508
2015,9,54,0.012647050366233625
2015,9,55,0.012430102056412724
2015,9,56,0.012372220059113639
2015,9,57,0.013412306672364009
2015,9,58,0.013505161029136077
2015,9,59,0.013931103825093692
2015,9,60,0.013358452729178402
2015,9,61,0.013172446890102094
2015,9,62,0.012844737974194626
2015,9,63,0.013655689084971744
2015,9,64,0.012428323280657376
2015,9,65,0.01283699247421785
2015,9,66,0.01296874715143901
2015,9,67,0.01382820666459869
2015,9,68,0.01392835279182818
2015,9,69,0.013638880536830785
2015,9,70,0.013227197431515923
2015,9,71,0.013340433777073103
2015,9,72,0.013377189595126024
2015,9,73,0.013692280459559544
2015,9,74,0.012883901224245979
2015,9,75,0.01271471903719853
2015,9,76,0.012618029273190631
2015,9,77,0.013477298943269166
2015,10,1,0.012725288558038794
2015,10,2,0.012531731417550884
2015,10,3,0.014158587276314357
2015,10,4,0.013129783643453541
2015,10,5,0.014177254024898901
2015,10,6,0.013846998497062049
2015,10,7,0.01532971526125403
2015,10,8,0.01566769451532031
2015,10,9,0.011971348044590931
2015,10,10,0.011587541678220025
2015,10,11,0.011963178077269451
2015,10,12,0.012043650962299653
2015,10,13,0.012614263503983007
2015,10,14,0.012282059027659173
2015,10,15,0.01262695083505862
2015,10,16,0.012907635293891771
2015,10,17,0.012340874011911786
2015,10,18,0.013523678582279847
2015,10,19,0.013867359354262681
2015,10,20,0.01519718623952208
2015,10,21,0.014017977661156766
2015,10,22,0.014305735834425487
2015,10,23,0.015333766133027938
2015,10,24,0.01515334472058778
2015,10,25,0.01367161269845356
2015,10,26,0.016761700204372024
2015,10,27,0.015986225834049263
2015,10,28,0.014281885189658358
2015,10,29,0.014921373921105324
2015,10,30,0.01466810860037558
2015,10,31,0.014278180222177939
2015,10,32,0.01565949620660329
2015,10,33,0.013990218600617796
2015,10,34,0.013277649016439443
2015,10,35,0.012481271525969978
2015,10,36,0.012854837511308169
2015,10,37,0.013583670004786896
2015,10,38,0.012297880093461631
2015,10,39,0.012672292903277482
2015,10,40,0.013255585247862614
2015,10,41,0.013242466267902273
2015,10,42,0.01362322502174182
2015,10,43,0.012416516445258298
2015,10,44,0.01316742224076656
2015,10,45,0.01316089559173504
2015,10,46,0.012098672590204812
2015,10,47,0.012976955044756553
2015,10,48,0.012429591904927501
2015,10,49,0.01235981098428081
2015,10,50,0.012649041589620567
2015,10,51,0.011891252517710539
2015,10,52,0.01231087502223394
2015,10,53,0.012371590311863136
2015,10,54,0.012542380226770103
2015,10,55,0.01220411550935033
2015,10,56,0.012324770558046606
2015,10,57,0.013500529420818337
2015,10,58,0.013650195532434156
2015,10,59,0.01395932942277196
2015,10,60,0.013262412561987702
2015,10,61,0.013146714792802536
2015,10,62,0.012994303834679378
2015,10,63,0.013699891521442163
2015,10,64,0.012668802871570357
2015,10,65,0.012976651768954217
2015,10,66,0.013116365398854106
2015,10,67,0.01385209263946436
2015,10,68,0.013927330663935186
2015,10,69,0.013503962823382594
2015,10,70,0.013348634346711396
2015,10,71,0.013427602622303423
2015,10,72,0.013518630304663522
2015,10,73,0.013542997946350667
2015,10,74,0.012990854790147641
2015,10,75,0.012715715058628427
2015,10,76,0.01266334207107605
2015,10,77,0.013379494362460682
2015,11,1,0.012837961371761155
2015,11,2,0.012381026179993659
2015,11,3,0.014048190785052575
2015,11,4,0.013059912257879999
2015,11,5,0.0140432849161183
2015,11,6,0.013943304026886254
2015,11,7,0.015297187553583532
2015,11,8,0.01576002345851794
2015,11,9,0.01186203137407032
2015,11,10,0.011537022415477525
2015,11,11,0.01185639077451345
2015,11,12,0.011957540731437103
2015,11,13,0.012466687275927589
2015,11,14,0.012342009957177389
2015,11,15,0.012580963785887168
2015,11,16,0.012652074977286171
2015,11,17,0.012283412791443252
2015,11,18,0.013427497136960708
2015,11,19,0.013779656907662627
2015,11,20,0.015042695085026097
2015,11,21,0.013943434475248649
2015,11,22,0.014173212079880433
2015,11,23,0.015304060406432025
2015,11,24,0.01521591283174601
2015,11,25,0.013596158155988643
2015,11,26,0.016466443741903102
2015,11,27,0.0160141466180535
2015,11,28,0.014348393835099513
2015,11,29,0.01500828333036097
2015,11,30,0.0145450731608845
2015,11,31,0.014255142599793401
2015,11,32,0.01609606012660766
2015,11,33,0.014033564336271991
2015,11,34,0.013304754610883497
2015,11,35,0.012544006751219992
2015,11,36,0.012887652777280757
2015,11,37,0.013496048698008913
2015,11,38,0.01213763240232139
2015,11,39,0.012625347333288258
2015,11,40,0.013338699064145398
2015,11,41,0.013332713162210364
2015,11,42,0.013830255527402715
2015,11,43,0.01232178509445595
2015,11,44,0.013186936592439228
2015,11,45,0.013340816159218094
2015,11,46,0.012256429405448927
2015,11,47,0.013142518497154872
2015,11,48,0.012573634037966849
2015,11,49,0.01223742943348633
2015,11,50,0.012751711239340545
2015,11,51,0.011915061960680675
2015,11,52,0.012449868044995885
2015,11,53,0.01238344301239937
2015,11,54,0.012559623753043724
2015,11,55,0.012268911327046852
2015,11,56,0.012515260671884392
2015,11,57,0.013533649283985144
2015,11,58,0.013652434408754818
2015,11,59,0.013921961616571638
2015,11,60,0.01322313832927212
2015,11,61,0.01318717748826917
2015,11,62,0.013082532825739249
2015,11,63,0.0136895312445676
2015,11,64,0.012744813831920993
2015,11,65,0.012999821051972487
2015,11,66,0.01302505734299181
2015,11,67,0.013892134573479096
2015,11,68,0.013754608066324534
2015,11,69,0.013564223343604976
2015,11,70,0.013327398525848145
2015,11,71,0.013288667517404354
2015,11,72,0.013336127173827214
2015,11,73,0.01360852439351343
2015,11,74,0.012910835045492688
2015,11,75,0.012698387878743549
2015,11,76,0.012638966370743819
2015,11,77,0.013308437420052067
2015,12,1,0.012911428697908345
2015,12,2,0.012578119250091136
2015,12,3,0.014288598210005268
2015,12,4,0.013208167096836431
2015,12,5,0.0142534133358203
2015,12,6,0.014078336339083538
2015,12,7,0.015710487396350475
2015,12,8,0.01621961587624659
2015,12,9,0.012101431088022344
2015,12,10,0.011694421826207037
2015,12,11,0.011994297567835484
2015,12,12,0.012260401811957118
2015,12,13,0.012706324681651846
2015,12,14,0.012562672955195859
2015,12,15,0.012763981450152388
2015,12,16,0.012890038979999732
2015,12,17,0.012307546058937862
2015,12,18,0.013594142352258465
2015,12,19,0.013830172136594595
2015,12,20,0.015093110822983776
2015,12,21,0.014117879447338841
2015,12,22,0.014379662424800018
2015,12,23,0.015116703604447139
2015,12,24,0.015380986117892051
2015,12,25,0.013639727721368572
2015,12,26,0.016419149193865983
2015,12,27,0.015936575008620158
2015,12,28,0.014533961298139338
2015,12,29,0.014883778158361156
2015,12,30,0.014364744512099986
2015,12,31,0.014321942059217151
2015,12,32,0.01656825467124383
2015,12,33,0.014305488762534815
2015,12,34,0.013339849662443587
2015,12,35,0.012626700755577482
2015,12,36,0.012843711870763134
2015,12,37,0.013412326852050457
2015,12,38,0.012187280282995495
2015,12,39,0.012638510275446596
2015,12,40,0.01323866383620784
2015,12,41,0.013250634358223207
2015,12,42,0.013740084719491135
2015,12,43,0.012331663780114492
2015,12,44,0.013063741967089863
2015,12,45,0.013215042633831144
2015,12,46,0.012178988496812702
2015,12,47,0.01307283722279483
2015,12,48,0.01248763012779833
2015,12,49,0.012125592973127814
2015,12,50,0.012587691128813961
2015,12,51,0.011809944241691744
2015,12,52,0.012368513465302692
2015,12,53,0.012231618283583564
2015,12,54,0.012375213083730997
2015,12,55,0.012181649881098636
2015,12,56,0.012327185270017754
2015,12,57,0.0133849099177931
2015,12,58,0.013499943826242372
2015,12,59,0.013896724699077932
2015,12,60,0.013337371353536829
2015,12,61,0.013087104873615136
2015,12,62,0.01291491667921302
2015,12,63,0.013475914423460932
2015,12,64,0.012591853875381415
2015,12,65,0.01274199027625142
2015,12,66,0.012935892139363768
2015,12,67,0.013658334306564365
2015,12,68,0.01367797714524822
2015,12,69,0.013359078506309869
2015,12,70,0.013103250455820874
2015,12,71,0.013174101571234696
2015,12,72,0.013100277864491314
2015,12,73,0.013346237556414073
2015,12,74,0.012727893450853314
2015,12,75,0.012514746368293694
2015,12,76,0.012712805807829868
2015,12,77,0.013504298623871732
2016,1,1,0.01280260600487271
2016,1,2,0.012592332616077659
2016,1,3,0.014307635018244157
2016,1,4,0.013184036073258607
2016,1,5,0.014295300738706409
2016,1,6,0.013997300287372186
2016,1,7,0.01569419547677709
2016,1,8,0.01630925604807189
2016,1,9,0.012015223884415208
2016,1,10,0.011648475591527378
2016,1,11,0.012032552596169772
2016,1,12,0.012064996464232966
2016,1,13,0.012632574438882112
2016,1,14,0.012429091087075222
2016,1,15,0.012743792939149437
2016,1,16,0.012884353989820576
2016,1,17,0.0123349501999445
2016,1,18,0.013641921398484273
2016,1,19,0.013781150790030273
2016,1,20,0.015223962329108049
2016,1,21,0.014069965170300194
2016,1,22,0.014368854984932495
2016,1,23,0.015270622835741692
2016,1,24,0.0155063834512599
2016,1,25,0.013786168671180318
2016,1,26,0.01653221044699485
2016,1,27,0.016185611804539035
2016,1,28,0.014502208006314745
2016,1,29,0.015000106699095581
2016,1,30,0.01456209957587295
2016,1,31,0.014432368304354593
2016,1,32,0.016413448456810666
2016,1,33,0.014318933100045115
2016,1,34,0.013444393478646973
2016,1,35,0.012627576387676642
2016,1,36,0.01286083994795346
2016,1,37,0.013381257211174625
2016,1,38,0.012197520741314322
2016,1,39,0.012510847444360993
2016,1,40,0.013205891536269665
2016,1,41,0.0131015586542299
2016,1,42,0.013494707966634302
2016,1,43,0.012255705670697739
2016,1,44,0.012920363432687902
2016,1,45,0.01307347297852675
2016,1,46,0.012058381587532262
2016,1,47,0.0129546367311793
2016,1,48,0.012438903070873983
2016,1,49,0.012083328565617347
2016,1,50,0.012549962062448291
2016,1,51,0.011815975372783828
2016,1,52,0.012299758328603042
2016,1,53,0.012263835795453485
2016,1,54,0.012417937791363697
2016,1,55,0.012197701306074275
2016,1,56,0.01232319621436231
2016,1,57,0.013576929847397452
2016,1,58,0.013663291395988826
2016,1,59,0.014088256097017332
2016,1,60,0.013403631660745586
2016,1,61,0.013120478415068824
2016,1,62,0.013011769614634034
2016,1,63,0.013588978162447913
2016,1,64,0.01257721090953967
2016,1,65,0.012823800896818172
2016,1,66,0.01304609922566539
2016,1,67,0.01370968423160898
2016,1,68,0.013603851337588067
2016,1,69,0.013319162162390716
2016,1,70,0.013159255761662592
2016,1,71,0.013199233118693263
2016,1,72,0.013158430614065965
2016,1,73,0.013327987973596812
2016,1,74,0.012758051142291303
2016,1,75,0.012496444562174538
2016,1,76,0.012728100696718574
2016,1,77,0.013524545472917681
2016,2,1,0.012729654259485345
2016,2,2,0.012648942018342832
2016,2,3,0.014063240255737722
2016,2,4,0.013081992942597657
2016,2,5,0.014214233865972781
2016,2,6,0.013941076953223015
2016,2,7,0.015488082396464565
2016,2,8,0.015840358965118054
2016,2,9,0.012158038325053782
2016,2,10,0.011758182908810866
2016,2,11,0.012136408384190688
2016,2,12,0.01220783307325915
2016,2,13,0.012654184379008017
2016,2,14,0.012613718295076768
2016,2,15,0.01282143007928946
2016,2,16,0.01292854677270654
2016,2,17,0.012435531674015973
2016,2,18,0.013710475668644969
2016,2,19,0.014062472017983696
2016,2,20,0.015259820553535976
2016,2,21,0.014194413639094981
2016,2,22,0.014364019418060607
2016,2,23,0.015401861915772606
2016,2,24,0.015371182463881437
2016,2,25,0.013737143377399017
2016,2,26,0.01661957273709639
2016,2,27,0.01616563457921163
2016,2,28,0.01439547764211672
2016,2,29,0.015167921090637873
2016,2,30,0.014463298543781571
2016,2,31,0.014336556767192723
2016,2,32,0.01646056064655509
2016,2,33,0.0141685946866181
2016,2,34,0.013291591378159218
2016,2,35,0.012382916800596673
2016,2,36,0.012621543984192603
2016,2,37,0.013171656258247972
2016,2,38,0.012031154029521351
2016,2,39,0.012268675421632584
2016,2,40,0.012947950842756514
2016,2,41,0.013044950663846679
2016,2,42,0.013260057601238568
2016,2,43,0.012244830304674882
2016,2,44,0.012945345306857994
2016,2,45,0.01303444192574037
2016,2,46,0.01202471001626739
2016,2,47,0.013011733400520852
2016,2,48,0.012466922299630688
2016,2,49,0.012285935035358513
2016,2,50,0.012525613452405078
2016,2,51,0.011873529968435482
2016,2,52,0.01237638179338715
2016,2,53,0.012335583450815008
2016,2,54,0.012428861345099393
2016,2,55,0.012200457923828194
2016,2,56,0.01235449896687989
2016,2,57,0.013455279345954859
2016,2,58,0.013507060832955022
2016,2,59,0.013914153347277785
2016,2,60,0.013165194385252241
2016,2,61,0.013073620624951978
2016,2,62,0.01295813159882653
2016,2,63,0.01348796761684803
2016,2,64,0.012643317503356155
2016,2,65,0.0127340471758484
2016,2,66,0.012911507060578266
2016,2,67,0.01356918429308459
2016,2,68,0.01345431473405181
2016,2,69,0.013257397183999889
2016,2,70,0.01307863489482367
2016,2,71,0.013144298798045314
2016,2,72,0.013263202657065853
2016,2,73,0.01327127959308096
2016,2,74,0.01279540554548197
2016,2,75,0.012539439537937644
2016,2,76,0.012804359787557971
2016,2,77,0.013414035390112556
2016,3,1,0.01281937556616976
2016,3,2,0.012501758543249367
2016,3,3,0.014017917142554452
2016,3,4,0.01308133761765485
2016,3,5,0.014022199690415155
2016,3,6,0.013856504293645067
2016,3,7,0.015373499799924827
2016,3,8,0.015671264803369743
2016,3,9,0.011977140049064233
2016,3,10,0.01158164555359841
2016,3,11,0.011970432937743965
2016,3,12,0.01202410747169726
2016,3,13,0.01250662190765759
2016,3,14,0.01229484255394223
2016,3,15,0.012535848357870527
2016,3,16,0.012810158608159936
2016,3,17,0.012280702539390882
2016,3,18,0.013435552812716373
2016,3,19,0.013798143624408832
2016,3,20,0.015039536010821234
2016,3,21,0.013881670794120875
2016,3,22,0.01423511186301248
2016,3,23,0.01514982621163912
2016,3,24,0.015179658673868671
2016,3,25,0.0137024113077348
2016,3,26,0.016737332397990908
2016,3,27,0.016294601145670072
2016,3,28,0.014278050552552678
2016,3,29,0.014748152484428994
2016,3,30,0.014745313278401706
2016,3,31,0.01430425116099682
2016,3,32,0.01613793738648891
2016,3,33,0.013965299598125905
2016,3,34,0.013223060579865347
2016,3,35,0.012390845363522567
2016,3,36,0.012688456894174126
2016,3,37,0.013346595889379547
2016,3,38,0.012051432552639914
2016,3,39,0.012498362358847177
2016,3,40,0.01322788070792943
2016,3,41,0.013122820702686373
2016,3,42,0.013527895239392204
2016,3,43,0.012384692570319097
2016,3,44,0.013100017572042414
2016,3,45,0.013180240309629332
2016,3,46,0.012098139710335945
2016,3,47,0.013129754898567634
2016,3,48,0.012557462714618193
2016,3,49,0.01237053140475626
2016,3,50,0.012771036215458482
2016,3,51,0.011913945190360986
2016,3,52,0.01238605408215772
2016,3,53,0.012448762004909873
2016,3,54,0.012622293688900154
2016,3,55,0.012304374950590422
2016,3,56,0.012353876811332933
2016,3,57,0.013522676159834672
2016,3,58,0.0136197215268397
2016,3,59,0.013908435649159513
2016,3,60,0.01316199088530891
2016,3,61,0.013119756159323431
2016,3,62,0.013022476649982299
2016,3,63,0.013605617192899006
2016,3,64,0.012805589645140792
2016,3,65,0.012818896292449906
2016,3,66,0.013093529663056202
2016,3,67,0.013692165977327692
2016,3,68,0.013755325995940362
2016,3,69,0.013482297172404812
2016,3,70,0.013288740470883978
2016,3,71,0.013406475405661979
2016,3,72,0.013412014513543794
2016,3,73,0.01361464593886665
2016,3,74,0.012956751688493234
2016,3,75,0.012774767423724916
2016,3,76,0.01268151237812817
2016,3,77,0.01332524034531432
2016,4,1,0.012772391747048485
2016,4,2,0.012625765947237745
2016,4,3,0.014313671006118016
2016,4,4,0.013116558907370617
2016,4,5,0.014154609982912849
2016,4,6,0.013907411070231312
2016,4,7,0.0155822950606349
2016,4,8,0.015815880438895803
2016,4,9,0.011922282095151464
2016,4,10,0.011482123736037844
2016,4,11,0.01182529282486228
2016,4,12,0.011915433550746464
2016,4,13,0.012487658696803862
2016,4,14,0.01219916597334065
2016,4,15,0.012599504155177771
2016,4,16,0.012799821221286855
2016,4,17,0.012244391093368457
2016,4,18,0.013405946571715222
2016,4,19,0.013773121999330522
2016,4,20,0.015101825713118194
2016,4,21,0.013944217407366712
2016,4,22,0.014290568336015412
2016,4,23,0.015405478195125912
2016,4,24,0.015226408575614574
2016,4,25,0.013652410686798448
2016,4,26,0.016553837289961012
2016,4,27,0.016284659356720913
2016,4,28,0.014387315547817196
2016,4,29,0.015061142455626798
2016,4,30,0.014686377991673837
2016,4,31,0.01437210376332365
2016,4,32,0.016030251287218848
2016,4,33,0.014064408183955025
2016,4,34,0.013239688499910045
2016,4,35,0.012432797924352014
2016,4,36,0.012667829421541911
2016,4,37,0.013303717142634303
2016,4,38,0.012156893040865273
2016,4,39,0.012477948042873258
2016,4,40,0.013266080882284382
2016,4,41,0.01311617522762847
2016,4,42,0.013463679585701932
2016,4,43,0.012281243729629058
2016,4,44,0.013123895112367603
2016,4,45,0.013140536735898493
2016,4,46,0.012118437848225748
2016,4,47,0.013000274055709237
2016,4,48,0.012471752991802509
2016,4,49,0.012284891501585673
2016,4,50,0.012734220529323164
2016,4,51,0.01186060722309499
2016,4,52,0.012348811583545042
2016,4,53,0.012376788626325068
2016,4,54,0.01259262779174549
2016,4,55,0.01229689306121278
2016,4,56,0.012325580644504232
2016,4,57,0.013583823562648633
2016,4,58,0.013582047457086938
2016,4,59,0.0139947051130979
2016,4,60,0.013290040732176062
2016,4,61,0.013157373665313079
2016,4,62,0.012969460804615342
2016,4,63,0.013710139922571281
2016,4,64,0.012735980953386041
2016,4,65,0.012950163376222554
2016,4,66,0.013150357815729189
2016,4,67,0.013717702798578717
2016,4,68,0.013758057207732283
2016,4,69,0.013375226143248844
2016,4,70,0.01316975863184773
2016,4,71,0.013380294326733034
2016,4,72,0.013334538840205768
2016,4,73,0.013527077221223177
2016,4,74,0.012935744426589436
2016,4,75,0.01275095701875775
2016,4,76,0.01264060685261451
2016,4,77,0.013351057291946682
2016,5,1,0.012545347011919495
2016,5,2,0.012304485564556466
2016,5,3,0.014031936507226499
2016,5,4,0.012875792040349247
2016,5,5,0.014084926268794663
2016,5,6,0.013882962602666195
2016,5,7,0.015462959090785277
2016,5,8,0.016117164315590866
2016,5,9,0.011838634545195337
2016,5,10,0.011437004906751258
2016,5,11,0.011733718592209496
2016,5,12,0.011805937537937513
2016,5,13,0.012298292767632762
2016,5,14,0.012101761753064336
2016,5,15,0.012517544760841106
2016,5,16,0.012647147592803422
2016,5,17,0.012181475701634475
2016,5,18,0.01337768291325647
2016,5,19,0.01361455398728962
2016,5,20,0.015042599342405559
2016,5,21,0.013864780325919205
2016,5,22,0.014083243927174098
2016,5,23,0.015146873581276105
2016,5,24,0.015277699471956261
2016,5,25,0.013469798967633125
2016,5,26,0.01659532456479552
2016,5,27,0.015968884488042238
2016,5,28,0.014457805798999078
2016,5,29,0.014862628609658408
2016,5,30,0.01453199528426162
2016,5,31,0.014283505389119258
2016,5,32,0.016140670720596155
2016,5,33,0.014116565574983222
2016,5,34,0.013283772252878575
2016,5,35,0.012559019425459705
2016,5,36,0.012796410886472329
2016,5,37,0.013408824727681736
2016,5,38,0.012179542594366065
2016,5,39,0.012582373408470186
2016,5,40,0.013273727992276507
2016,5,41,0.013336272897875957
2016,5,42,0.01375181015820126
2016,5,43,0.012397501594157909
2016,5,44,0.01327192634374014
2016,5,45,0.013308639473212213
2016,5,46,0.012319450738348621
2016,5,47,0.013337513018391027
2016,5,48,0.01274172772037439
2016,5,49,0.012344191080980428
2016,5,50,0.01290106770551995
2016,5,51,0.01205459999046348
2016,5,52,0.012526086114706878
2016,5,53,0.01257338665541219
2016,5,54,0.012732109938634563
2016,5,55,0.01238034629031162
2016,5,56,0.012386475528133642
2016,5,57,0.013485509368950908
2016,5,58,0.013530845622024522
2016,5,59,0.013950560941522548
2016,5,60,0.01328548947429726
2016,5,61,0.01316255474103994
2016,5,62,0.012987305779656157
2016,5,63,0.01365052448027887
2016,5,64,0.012747325685821754
2016,5,65,0.01292246678283469
2016,5,66,0.013039402528500861
2016,5,67,0.01375941372674919
2016,5,68,0.013734509567095031
2016,5,69,0.013600171134125212
2016,5,70,0.013245888125391427
2016,5,71,0.013479919334101238
2016,5,72,0.013372057170039286
2016,5,73,0.013637144394083185
2016,5,74,0.012963658491877571
2016,5,75,0.012799576363841493
2016,5,76,0.012584164396013989
2016,5,77,0.013240269972960817
2016,6,1,0.012956853580467631
2016,6,2,0.012547703686194692
2016,6,3,0.014347537580781868
2016,6,4,0.013119322912511028
2016,6,5,0.014272971642954949
2016,6,6,0.014199913897631432
2016,6,7,0.01565864047184705
2016,6,8,0.01589152756807075
2016,6,9,0.011845873898854348
2016,6,10,0.011497213476376106
2016,6,11,0.011826709573933777
2016,6,12,0.01185256205069241
2016,6,13,0.012448066891906502
2016,6,14,0.01220737932864363
2016,6,15,0.012481326257262655
2016,6,16,0.012744743659593922
2016,6,17,0.012211951958766351
2016,6,18,0.013345458834400224
2016,6,19,0.013814289401197735
2016,6,20,0.015059537796809233
2016,6,21,0.013905541547403956
2016,6,22,0.014360760309261852
2016,6,23,0.015183146022397748
2016,6,24,0.015430188762613964
2016,6,25,0.013439623376232534
2016,6,26,0.01675763585760867
2016,6,27,0.01595609984097052
2016,6,28,0.014551904067564474
2016,6,29,0.015105928939672105
2016,6,30,0.014411046621006613
2016,6,31,0.014388716894060549
2016,6,32,0.016499195628557506
2016,6,33,0.014171746423580088
2016,6,34,0.013416891380364818
2016,6,35,0.01262311983122919
2016,6,36,0.012875894264845464
2016,6,37,0.01340941299672889
2016,6,38,0.012241997856316165
2016,6,39,0.01265151590688647
2016,6,40,0.013273683170932986
2016,6,41,0.013229904029191136
2016,6,42,0.013595646076602562
2016,6,43,0.012321009944356684
2016,6,44,0.013032850421822199
2016,6,45,0.013155760198769793
2016,6,46,0.012091119906217912
2016,6,47,0.012957645531261627
2016,6,48,0.012399480930068848
2016,6,49,0.01214907182125354
2016,6,50,0.012634275187669238
2016,6,51,0.011805226213867993
2016,6,52,0.012339114634993676
2016,6,53,0.012408181739285984
2016,6,54,0.012434892086198662
2016,6,55,0.012228041446013934
2016,6,56,0.012387859597217122
2016,6,57,0.013497528420463489
2016,6,58,0.013655865914098382
2016,6,59,0.013957001590509057
2016,6,60,0.013340967211235413
2016,6,61,0.013184362745666874
2016,6,62,0.012971272841970555
2016,6,63,0.013565693687437848
2016,6,64,0.012741573180507856
2016,6,65,0.01284011214964157
2016,6,66,0.012972341937060284
2016,6,67,0.013640724821609445
2016,6,68,0.013768457312321175
2016,6,69,0.01337018218294481
2016,6,70,0.013231224577910707
2016,6,71,0.013285083455440463
2016,6,72,0.013235959740476626
2016,6,73,0.013419526144667964
2016,6,74,0.012824877584321425
2016,6,75,0.012593391184669381
2016,6,76,0.012637441475125554
2016,6,77,0.013539574623521518
2016,7,1,0.012712613246210461
2016,7,2,0.012328403683504144
2016,7,3,0.014164968279054233
2016,7,4,0.012912082971168108
2016,7,5,0.014106064237682051
2016,7,6,0.013970811727534465
2016,7,7,0.01572790293287134
2016,7,8,0.016545836433326924
2016,7,9,0.01181920975748105
2016,7,10,0.01150552912290011
2016,7,11,0.0117591818353941
2016,7,12,0.011806463649200195
2016,7,13,0.012286168263402564
2016,7,14,0.012058351591557102
2016,7,15,0.012371952054534932
2016,7,16,0.012643710712586131
2016,7,17,0.012114483025743266
2016,7,18,0.013367035308300737
2016,7,19,0.013738209959384252
2016,7,20,0.01494951869712622
2016,7,21,0.013776557728946585
2016,7,22,0.01419908518934107
2016,7,23,0.015071842309795016
2016,7,24,0.015464862712970553
2016,7,25,0.013366134488024366
2016,7,26,0.016561499349934155
2016,7,27,0.015964289648851184
2016,7,28,0.01459308684962867
2016,7,29,0.014853248162878523
2016,7,30,0.014337707678571832
2016,7,31,0.014477369102561774
2016,7,32,0.016567910910176765
2016,7,33,0.01443366944557426
2016,7,34,0.013541054469131916
2016,7,35,0.012829845820696326
2016,7,36,0.012976420227577693
2016,7,37,0.013518867529240294
2016,7,38,0.012296870938763959
2016,7,39,0.012804513128938476
2016,7,40,0.013337689561542243
2016,7,41,0.013207817922619236
2016,7,42,0.013686642481228327
2016,7,43,0.012453751968403965
2016,7,44,0.013107630775986085
2016,7,45,0.013202195469358196
2016,7,46,0.012271142969650822
2016,7,47,0.013168148981378008
2016,7,48,0.012484187733196258
2016,7,49,0.01219083980797689
2016,7,50,0.012886879216695922
2016,7,51,0.011964187821883618
2016,7,52,0.012365606322772992
2016,7,53,0.012533095941278036
2016,7,54,0.012594467822620768
2016,7,55,0.01231298143780485
2016,7,56,0.012325816134790179
2016,7,57,0.013343676618031751
2016,7,58,0.01357926691431897
2016,7,59,0.014032684468979505
2016,7,60,0.013477737886271591
2016,7,61,0.013092558115329212
2016,7,62,0.012820664547706678
2016,7,63,0.013480930068445786
2016,7,64,0.012640578498778754
2016,7,65,0.012801984947426332
2016,7,66,0.01290395556831994
2016,7,67,0.013700431803708647
2016,7,68,0.01378363589082436
2016,7,69,0.013531716336440019
2016,7,70,0.01315192083847375
2016,7,71,0.013291585412367326
2016,7,72,0.013276765847288211
2016,7,73,0.013640784494025601
2016,7,74,0.012886924332411431
2016,7,75,0.012795970464598854
2016,7,76,0.01258504273637649
2016,7,77,0.01320773756696019
2016,8,1,0.012745076401282819
2016,8,2,0.012443900065317152
2016,8,3,0.014306367992221809
2016,8,4,0.013018155345705938
2016,8,5,0.01427592776722543
2016,8,6,0.013915676173725394
2016,8,7,0.015773698406391316
2016,8,8,0.01586554326701332
2016,8,9,0.011725416087701763
2016,8,10,0.011468706190037549
2016,8,11,0.01168695028021447
2016,8,12,0.01185103665617426
2016,8,13,0.012435310624658575
2016,8,14,0.012352873796636622
2016,8,15,0.012452474850649512
2016,8,16,0.012658887712313346
2016,8,17,0.012036969599451705
2016,8,18,0.013179736160586828
2016,8,19,0.013626979608761889
2016,8,20,0.014948045485566039
2016,8,21,0.013994418307929345
2016,8,22,0.014245324829786105
2016,8,23,0.015103557148155417
2016,8,24,0.015424735522306129
2016,8,25,0.013440007694721248
2016,8,26,0.016602581953579502
2016,8,27,0.015990908402385286
2016,8,28,0.014500481236527776
2016,8,29,0.014786970398029654
2016,8,30,0.014561865566519387
2016,8,31,0.014470936802873185
2016,8,32,0.016723476172409563
2016,8,33,0.014219203474398978
2016,8,34,0.01341137011016889
2016,8,35,0.012731190455118243
2016,8,36,0.012978941787597877
2016,8,37,0.01345855727091565
2016,8,38,0.012208982495947023
2016,8,39,0.012748076443577387
2016,8,40,0.013308917163588369
2016,8,41,0.013271949057902606
2016,8,42,0.013666895575756042
2016,8,43,0.012463562642196398
2016,8,44,0.013004956140212864
2016,8,45,0.013230817273441147
2016,8,46,0.0122039797365557
2016,8,47,0.013128688630031677
2016,8,48,0.012528367387015021
2016,8,49,0.01227981095311467
2016,8,50,0.012758249677715225
2016,8,51,0.011955846777368476
2016,8,52,0.01245101923392994
2016,8,53,0.012432669839415326
2016,8,54,0.01260640605748545
2016,8,55,0.012326367008186312
2016,8,56,0.012293687480164968
2016,8,57,0.013452597396498739
2016,8,58,0.013587039156114271
2016,8,59,0.01396925060495194
2016,8,60,0.013399386544262482
2016,8,61,0.013195703175028736
2016,8,62,0.01301950030066978
2016,8,63,0.013584658920445223
2016,8,64,0.012808879821230985
2016,8,65,0.012899075722228735
2016,8,66,0.013034036729761327
2016,8,67,0.01362617693155243
2016,8,68,0.013800346252672518
2016,8,69,0.013501990581070988
2016,8,70,0.013195246304316923
2016,8,71,0.013336944074035484
2016,8,72,0.013267811346606779
2016,8,73,0.013523051206105478
2016,8,74,0.012934907660839868
2016,8,75,0.01276394867855534
2016,8,76,0.012542135094963856
2016,8,77,0.013406601633387357
2016,9,1,0.012871355235012432
2016,9,2,0.01252488275187127
2016,9,3,0.01460296265945798
2016,9,4,0.013246997936056644
2016,9,5,0.014517848928728483
2016,9,6,0.014219532457265479
2016,9,7,0.01603450339216728
2016,9,8,0.016339655286384074
2016,9,9,0.011937318258484812
2016,9,10,0.011429829023608819
2016,9,11,0.011744084239856806
2016,9,12,0.011960362348046906
2016,9,13,0.012512635160602038
2016,9,14,0.012299757781041032
2016,9,15,0.012508444860418544
2016,9,16,0.012834543928590283
2016,9,17,0.012146977124306495
2016,9,18,0.013225268986243257
2016,9,19,0.013681713423234718
2016,9,20,0.01504015870270691
2016,9,21,0.014154287111563219
2016,9,22,0.014389976768390763
2016,9,23,0.015271823404080865
2016,9,24,0.015788611797558985
2016,9,25,0.01364987253612085
2016,9,26,0.01657769015078139
2016,9,27,0.016216219467924765
2016,9,28,0.014642225811515015
2016,9,29,0.014973028336102123
2016,9,30,0.014579269198660575
2016,9,31,0.014678296005401669
2016,9,32,0.01677511887079461
2016,9,33,0.014463482120787387
2016,9,34,0.013624107795284477
2016,9,35,0.012733351796130048
2016,9,36,0.012972223538937183
2016,9,37,0.013486900134237026
2016,9,38,0.012222381636577047
2016,9,39,0.012640236750825578
2016,9,40,0.013221368494494564
2016,9,41,0.01303394589328156
2016,9,42,0.013496573442550168
2016,9,43,0.012230663164245372
2016,9,44,0.01298677946650694
2016,9,45,0.012980923199681011
2016,9,46,0.012024578954463431
2016,9,47,0.0129135185118312
2016,9,48,0.012378385369179293
2016,9,49,0.012039706109972183
2016,9,50,0.012568213063254053
2016,9,51,0.011871357128030455
2016,9,52,0.012253288692570991
2016,9,53,0.012397366458757057
2016,9,54,0.01243669533129168
2016,9,55,0.012174285116989505
2016,9,56,0.012344457239992895
2016,9,57,0.013411558123606252
2016,9,58,0.013609994272910573
2016,9,59,0.014175087884801115
2016,9,60,0.013523572361553268
2016,9,61,0.013108552786686859
2016,9,62,0.012945847094245316
2016,9,63,0.013514141139164996
2016,9,64,0.012546642959805437
2016,9,65,0.012736919736411837
2016,9,66,0.01299206820201841
2016,9,67,0.01354999900863201
2016,9,68,0.013693431783701948
2016,9,69,0.0132172360380827
2016,9,70,0.013034021910361177
2016,9,71,0.01319814422471602
2016,9,72,0.013137241646979004
2016,9,73,0.01339527206210311
2016,9,74,0.012813810743781717
2016,9,75,0.012562841556156461
2016,9,76,0.012591909954241951
2016,9,77,0.013537811183713586
2016,10,1,0.01306094836454875
2016,10,2,0.012635691052940979
2016,10,3,0.014590001932246863
2016,10,4,0.01332434631408464
2016,10,5,0.014472542273128667
2016,10,6,0.014128433349761195
2016,10,7,0.015929207994294196
2016,10,8,0.01605923067088898
2016,10,9,0.011877293478156198
2016,10,10,0.011491797554442264
2016,10,11,0.011786564172756222
2016,10,12,0.012032917986459678
2016,10,13,0.01259024272583639
2016,10,14,0.012514712398023637
2016,10,15,0.012531821042252523
2016,10,16,0.012770027177389587
2016,10,17,0.012176896442795923
2016,10,18,0.013190100298843377
2016,10,19,0.013607554252671992
2016,10,20,0.01499772870234687
2016,10,21,0.014146731555942557
2016,10,22,0.014241021147086853
2016,10,23,0.01512397312765968
2016,10,24,0.015556716160916749
2016,10,25,0.013418891630862377
2016,10,26,0.016399978384838632
2016,10,27,0.01595945284721445
2016,10,28,0.014429568525863674
2016,10,29,0.014681961976340084
2016,10,30,0.014370477318061745
2016,10,31,0.014423780056914748
2016,10,32,0.01656287431362509
2016,10,33,0.014333041053273784
2016,10,34,0.013460019980991438
2016,10,35,0.012602198846011402
2016,10,36,0.013016084122288225
2016,10,37,0.013355200137535647
2016,10,38,0.012267366259801075
2016,10,39,0.012726364176080513
2016,10,40,0.013282026793537717
2016,10,41,0.013123885677121657
2016,10,42,0.013692274437918896
2016,10,43,0.012439382171651484
2016,10,44,0.012977122547519565
2016,10,45,0.013221086029796051
2016,10,46,0.012222039502676632
2016,10,47,0.01320784712065821
2016,10,48,0.012481242997208236
2016,10,49,0.012262890558270052
2016,10,50,0.012723111240320073
2016,10,51,0.011968152483926459
2016,10,52,0.012388249344223145
2016,10,53,0.012484193896129751
2016,10,54,0.012550365524754723
2016,10,55,0.01224485000240005
2016,10,56,0.012197392909584348
2016,10,57,0.013296685892126315
2016,10,58,0.013460396116194429
2016,10,59,0.01391871589446745
2016,10,60,0.013355938383020561
2016,10,61,0.01301802911701653
2016,10,62,0.012819160501632058
2016,10,63,0.013452640252327496
2016,10,64,0.012564064768200208
2016,10,65,0.012788730005722842
2016,10,66,0.012824815265556698
2016,10,67,0.01364402622388732
2016,10,68,0.013677024677367781
2016,10,69,0.01346479684458491
2016,10,70,0.01307593481181096
2016,10,71,0.013166990156916513
2016,10,72,0.013244342051531107
2016,10,73,0.013609491996309498
2016,10,74,0.01288015394398719
2016,10,75,0.012704618426051703
2016,10,76,0.01259283335597494
2016,10,77,0.013635099317381752
2016,11,1,0.012871303882275528
2016,11,2,0.012496704062917927
2016,11,3,0.01437558311711218
2016,11,4,0.013166872192943036
2016,11,5,0.014300215173312657
2016,11,6,0.01408665487810897
2016,11,7,0.015825373443965625
2016,11,8,0.016302257292388805
2016,11,9,0.011983391521350348
2016,11,10,0.011610316832020703
2016,11,11,0.011864950640228921
2016,11,12,0.012039822234001836
2016,11,13,0.012663827064168676
2016,11,14,0.012319798418220956
2016,11,15,0.012614545472786428
2016,11,16,0.012807482240114661
2016,11,17,0.012205103428299585
2016,11,18,0.013370599365381998
2016,11,19,0.013653601960585742
2016,11,20,0.014965437896959696
2016,11,21,0.014004960749558046
2016,11,22,0.014230950831862092
2016,11,23,0.015108206941628574
2016,11,24,0.015539438470901707
2016,11,25,0.013427875750995969
2016,11,26,0.01645832160304983
2016,11,27,0.016100079655983347
2016,11,28,0.01442136517520167
2016,11,29,0.014566507613460433
2016,11,30,0.014516494323067047
2016,11,31,0.014472290578409699
2016,11,32,0.016538986326843082
2016,11,33,0.014327548542570491
2016,11,34,0.01338903434264017
2016,11,35,0.012515752281929174
2016,11,36,0.012880477093304176
2016,11,37,0.013224481547927939
2016,11,38,0.012112740928449658
2016,11,39,0.012528005066152764
2016,11,40,0.013064327176059078
2016,11,41,0.012977410925075436
2016,11,42,0.01360997523550438
2016,11,43,0.012177469773008117
2016,11,44,0.01297360582140621
2016,11,45,0.013069511512561322
2016,11,46,0.012100131798694798
2016,11,47,0.013003545236087051
2016,11,48,0.012430499740306154
2016,11,49,0.012078735732007722
2016,11,50,0.012727757422780941
2016,11,51,0.011886669985958933
2016,11,52,0.01234519262993631
2016,11,53,0.012510864836367595
2016,11,54,0.012562928604619052
2016,11,55,0.012256029813278169
2016,11,56,0.012192445944392722
2016,11,57,0.013279277964357034
2016,11,58,0.01346781399812619
2016,11,59,0.013895942145070169
2016,11,60,0.01333961074848468
2016,11,61,0.012926413522622712
2016,11,62,0.012825987780940653
2016,11,63,0.013315595791717216
2016,11,64,0.012578868326952498
2016,11,65,0.012749512111861809
2016,11,66,0.012932459691269488
2016,11,67,0.013413808219026165
2016,11,68,0.013625171745736778
2016,11,69,0.013184936177907522
2016,11,70,0.0129433755872263
2016,11,71,0.013071525190121797
2016,11,72,0.013260981724532226
2016,11,73,0.013578230978241547
2016,11,74,0.012871951447939074
2016,11,75,0.012610815793009083
2016,11,76,0.012635587688894147
2016,11,77,0.013552972872475075
2016,12,1,0.012944125382746982
2016,12,2,0.012617860866104337
2016,12,3,0.014382973679158166
2016,12,4,0.013179769758279808
2016,12,5,0.01442099443509816
2016,12,6,0.01431904832978876
2016,12,7,0.015948362657734555
2016,12,8,0.016610224774823414
2016,12,9,0.012084232546774014
2016,12,10,0.011619593916504418
2016,12,11,0.012075446613516509
2016,12,12,0.01210111421434002
2016,12,13,0.012706259170840612
2016,12,14,0.012537718861512994
2016,12,15,0.012678897848973615
2016,12,16,0.012982284499058208
2016,12,17,0.012359046536672013
2016,12,18,0.01351219790873479
2016,12,19,0.013782025474067755
2016,12,20,0.015237858237094006
2016,12,21,0.014240945667436139
2016,12,22,0.014334906306658481
2016,12,23,0.015073989594922437
2016,12,24,0.01561865937241511
2016,12,25,0.013411693505916675
2016,12,26,0.016639217272714484
2016,12,27,0.015935902817926284
2016,12,28,0.014674071220921577
2016,12,29,0.01453216879315994
2016,12,30,0.014341275199050452
2016,12,31,0.014374423398827703
2016,12,32,0.017246238416415993
2016,12,33,0.014516629175102871
2016,12,34,0.013394849189549833
2016,12,35,0.0125785012272334
2016,12,36,0.012763207084356189
2016,12,37,0.013159214789488189
2016,12,38,0.01210697219155379
2016,12,39,0.012461582468189937
2016,12,40,0.013006352223781955
2016,12,41,0.012949794419891598
2016,12,42,0.01344663003546638
2016,12,43,0.012131153273434591
2016,12,44,0.012773461788639898
2016,12,45,0.012939417911806203
2016,12,46,0.01205907865285819
2016,12,47,0.012934074026204556
2016,12,48,0.012337674004697239
2016,12,49,0.011991735123384965
2016,12,50,0.01263032317663739
2016,12,51,0.011797010661541877
2016,12,52,0.012226189660032045
2016,12,53,0.012322678285397782
2016,12,54,0.012420592106814957
2016,12,55,0.012110295932545269
2016,12,56,0.012251622309053512
2016,12,57,0.013259306585656952
2016,12,58,0.01333029778119222
2016,12,59,0.013813884973592767
2016,12,60,0.013204779972501812
2016,12,61,0.012898989648357019
2016,12,62,0.012768731132052605
2016,12,63,0.013326854592831094
2016,12,64,0.012616064604528089
2016,12,65,0.01270868715969293
2016,12,66,0.012805098559337393
2016,12,67,0.013400783134167494
2016,12,68,0.013447342507260237
2016,12,69,0.013168530603831568
2016,12,70,0.01288658923735248
2016,12,71,0.013105178015810737
2016,12,72,0.013081360757511358
2016,12,73,0.013340888511584482
2016,12,74,0.01282288312823319
2016,12,75,0.0124945768446643
2016,12,76,0.012684216618317598
2016,12,77,0.013475127363088814
2017,1,1,0.012999746732760928
2017,1,2,0.01253234018167526
2017,1,3,0.014315100165577566
2017,1,4,0.013224699847064652
2017,1,5,0.014386760825937527
2017,1,6,0.014148991998964692
2017,1,7,0.015705610748532196
2017,1,8,0.01588292798746878
2017,1,9,0.011985069189411833
2017,1,10,0.011609038719535208
2017,1,11,0.01194653581359733
2017,1,12,0.012069912978642029
2017,1,13,0.012684768362434885
2017,1,14,0.012442306665598082
2017,1,15,0.012723147704551806
2017,1,16,0.012941246584252468
2017,1,17,0.012365404525644197
2017,1,18,0.013425328310488517
2017,1,19,0.013758253125635106
2017,1,20,0.015198289937420619
2017,1,21,0.014194981168519707
2017,1,22,0.014363433975181167
2017,1,23,0.015249604522507364
2017,1,24,0.015437389877914102
2017,1,25,0.013748482318599228
2017,1,26,0.016687299393807753
2017,1,27,0.01615145651288862
2017,1,28,0.01453035245993697
2017,1,29,0.014810340510053541
2017,1,30,0.014554046548352564
2017,1,31,0.014405037360426452
2017,1,32,0.016665592087102613
2017,1,33,0.014238359862346334
2017,1,34,0.01330384119574727
2017,1,35,0.012380028210970749
2017,1,36,0.012753969593110185
2017,1,37,0.013160834793389926
2017,1,38,0.012093485377237489
2017,1,39,0.012385991284141504
2017,1,40,0.013092103844252153
2017,1,41,0.013044995526331588
2017,1,42,0.013505697208172912
2017,1,43,0.01219366611460635
2017,1,44,0.012882180258051695
2017,1,45,0.013031420734174792
2017,1,46,0.012067480607847727
2017,1,47,0.013017300584301032
2017,1,48,0.012380847316529347
2017,1,49,0.012177670169848668
2017,1,50,0.012636544988230181
2017,1,51,0.011801996839095242
2017,1,52,0.01228074179281909
2017,1,53,0.012403748872350585
2017,1,54,0.012459307441789018
2017,1,55,0.012140382661159292
2017,1,56,0.012329325305271997
2017,1,57,0.013404621242238207
2017,1,58,0.01356823186685382
2017,1,59,0.013869580278793953
2017,1,60,0.013274219745944647
2017,1,61,0.012979674922981113
2017,1,62,0.012935676643314433
2017,1,63,0.013436299949254113
2017,1,64,0.01254485443592087
2017,1,65,0.012818372368226964
2017,1,66,0.012998987260059863
2017,1,67,0.013590437302979543
2017,1,68,0.013561836684386725
2017,1,69,0.013273804449641895
2017,1,70,0.013084911357704506
2017,1,71,0.013205689265675186
2017,1,72,0.013317334570875144
2017,1,73,0.01343139892264018
2017,1,74,0.012904103706641492
2017,1,75,0.012597213426361371
2017,1,76,0.012657216114748663
2017,1,77,0.013402906733816172
2017,2,1,0.012895625712535587
2017,2,2,0.012684615425545803
2017,2,3,0.014316745735708352
2017,2,4,0.013254255138755989
2017,2,5,0.01434416359952285
2017,2,6,0.014236195781217372
2017,2,7,0.01581639109627218
2017,2,8,0.01637161810884967
2017,2,9,0.011868993423624257
2017,2,10,0.011635649796492913
2017,2,11,0.011828306006838582
2017,2,12,0.012116412245199546
2017,2,13,0.012593867952396807
2017,2,14,0.012449106481193364
2017,2,15,0.012637757869075856
2017,2,16,0.01291340287012687
2017,2,17,0.012245425663807565
2017,2,18,0.013385971706188488
2017,2,19,0.013799172287177797
2017,2,20,0.015146238092472912
2017,2,21,0.014165977325476078
2017,2,22,0.0143509355654119
2017,2,23,0.015228429494154785
2017,2,24,0.015470054935037917
2017,2,25,0.013634225489548358
2017,2,26,0.016694731510477026
2017,2,27,0.01618677941792139
2017,2,28,0.01469303850198818
2017,2,29,0.014779596072256958
2017,2,30,0.014640034921480973
2017,2,31,0.01439930759905548
2017,2,32,0.016735940541718015
2017,2,33,0.01429531295147408
2017,2,34,0.013410713024117752
2017,2,35,0.012574005593567843
2017,2,36,0.012815109084521976
2017,2,37,0.013244686872679993
2017,2,38,0.012011012536620921
2017,2,39,0.012496899672512291
2017,2,40,0.013122081333993554
2017,2,41,0.01310163110984922
2017,2,42,0.013439930710624591
2017,2,43,0.012235133367330944
2017,2,44,0.012873380172930335
2017,2,45,0.0130129890810449
2017,2,46,0.012145909818956708
2017,2,47,0.0129762830239431
2017,2,48,0.012299427595001964
2017,2,49,0.012125859382197839
2017,2,50,0.012579534200814969
2017,2,51,0.011873966515088843
2017,2,52,0.012175173549699337
2017,2,53,0.012333711171384449
2017,2,54,0.012471184807804256
2017,2,55,0.01214003336950206
2017,2,56,0.01228219297964883
2017,2,57,0.013428022993052529
2017,2,58,0.013566622402527621
2017,2,59,0.01392407338623225
2017,2,60,0.01329124277702268
2017,2,61,0.012995633110911774
2017,2,62,0.012900502296455828
2017,2,63,0.013462410421007775
2017,2,64,0.01265169926062386
2017,2,65,0.01291052304926941
2017,2,66,0.012911447326634804
2017,2,67,0.013581114536128714
2017,2,68,0.01356851305384002
2017,2,69,0.013272337823528104
2017,2,70,0.013036250860451687
2017,2,71,0.013036549557541022
2017,2,72,0.013216164648763724
2017,2,73,0.013505974895686739
2017,2,74,0.012875074718919554
2017,2,75,0.012605487896195228
2017,2,76,0.012667539697437332
2017,2,77,0.013539317860232936
2017,3,1,0.01281305514703125
2017,3,2,0.012395652438598727
2017,3,3,0.014162684986230963
2017,3,4,0.013080251424403205
2017,3,5,0.014103059168471772
2017,3,6,0.01409139819572834
2017,3,7,0.015575501795657937
2017,3,8,0.01664467833385533
2017,3,9,0.011822387989737403
2017,3,10,0.01146908128439558
2017,3,11,0.011726021521114923
2017,3,12,0.011928216960031945
2017,3,13,0.012452317101892483
2017,3,14,0.012232259346122647
2017,3,15,0.012473741821480236
2017,3,16,0.012697295270386317
2017,3,17,0.012148906746035328
2017,3,18,0.013221802568714457
2017,3,19,0.01356777126833303
2017,3,20,0.014905598013248119
2017,3,21,0.01387843965018982
2017,3,22,0.014233413291106774
2017,3,23,0.015154170652884904
2017,3,24,0.015510570828173864
2017,3,25,0.013619934697373466
2017,3,26,0.01643444465646401
2017,3,27,0.01602916994721801
2017,3,28,0.014612231065562043
2017,3,29,0.014783842504481821
2017,3,30,0.014511540959132263
2017,3,31,0.014396408240975631
2017,3,32,0.016494388499058817
2017,3,33,0.014434975422558964
2017,3,34,0.013504159044383986
2017,3,35,0.012639636739503624
2017,3,36,0.012958980095475981
2017,3,37,0.01345960658432496
2017,3,38,0.012189300304024504
2017,3,39,0.012775341312498188
2017,3,40,0.013278059095576946
2017,3,41,0.013285914537808863
2017,3,42,0.013671327517926381
2017,3,43,0.012455840204256934
2017,3,44,0.01305446658937969
2017,3,45,0.01321451805098065
2017,3,46,0.012245743819237825
2017,3,47,0.013153755345504111
2017,3,48,0.012572666422763883
2017,3,49,0.012168580515082086
2017,3,50,0.012774936672583417
2017,3,51,0.011977874474062029
2017,3,52,0.012408226581010887
2017,3,53,0.01248725629219921
2017,3,54,0.012548989160784847
2017,3,55,0.012264357140674352
2017,3,56,0.01220469986835442
2017,3,57,0.013308099852812946
2017,3,58,0.013569308741201205
2017,3,59,0.013949463970822291
2017,3,60,0.01341014567810628
2017,3,61,0.013079931294011323
2017,3,62,0.012879495347159067
2017,3,63,0.013434768835803777
2017,3,64,0.012670169026349145
2017,3,65,0.01279839788153785
2017,3,66,0.012959453181057578
2017,3,67,0.013552040526372135
2017,3,68,0.013749410314760678
2017,3,69,0.013486146437170108
2017,3,70,0.01304460770585149
2017,3,71,0.013263431640487593
2017,3,72,0.013292350779957923
2017,3,73,0.013522073488906642
2017,3,74,0.012880663322579271
2017,3,75,0.012609343503360656
2017,3,76,0.012544195412314567
2017,3,77,0.013315435564131247
2017,4,1,0.012646324652610662
2017,4,2,0.012392307947602257
2017,4,3,0.014152203857379272
2017,4,4,0.013017174734473804
2017,4,5,0.014041401842392406
2017,4,6,0.01389729610701308
2017,4,7,0.01569313185856181
2017,4,8,0.016460915797665246
2017,4,9,0.011658235404942553
2017,4,10,0.011380042655807297
2017,4,11,0.011604633042780017
2017,4,12,0.01178385540491334
2017,4,13,0.012280740367190563
2017,4,14,0.01213811307919551
2017,4,15,0.012332537343110336
2017,4,16,0.012529531208985227
2017,4,17,0.011997783476468595
2017,4,18,0.013139755771745934
2017,4,19,0.013559379921850962
2017,4,20,0.014854861178776454
2017,4,21,0.013757038247922886
2017,4,22,0.014158468312761345
2017,4,23,0.01503564873317602
2017,4,24,0.015444497050631879
2017,4,25,0.01347525084011829
2017,4,26,0.01650259595750902
2017,4,27,0.016119069028440416
2017,4,28,0.014536927603815855
2017,4,29,0.014693555822622694
2017,4,30,0.01449257888088313
2017,4,31,0.014347369867509464
2017,4,32,0.016693182031116017
2017,4,33,0.014417917392095176
2017,4,34,0.013452128518804642
2017,4,35,0.012651370761972178
2017,4,36,0.012955758450694667
2017,4,37,0.013408443178407881
2017,4,38,0.012253178680656859
2017,4,39,0.01277029960944044
2017,4,40,0.013325729552515637
2017,4,41,0.013356319429736736
2017,4,42,0.013683432057279439
2017,4,43,0.012599092674366465
2017,4,44,0.013130855986582209
2017,4,45,0.013399554366606583
2017,4,46,0.012339863448574925
2017,4,47,0.013433529109107934
2017,4,48,0.012694427602783755
2017,4,49,0.012447255537903958
2017,4,50,0.012976260844779932
2017,4,51,0.012163151190968636
2017,4,52,0.012558068346273035
2017,4,53,0.012591027906390573
2017,4,54,0.012780043898663065
2017,4,55,0.012415662357420879
2017,4,56,0.012245902362803792
2017,4,57,0.013241509614083482
2017,4,58,0.013541811924959615
2017,4,59,0.013889132616939335
2017,4,60,0.013347991418246833
2017,4,61,0.013184003732003366
2017,4,62,0.012800719874937793
2017,4,63,0.013383465946648937
2017,4,64,0.012318069506416932
2017,4,65,0.012738935594004953
2017,4,66,0.012939522495286003
2017,4,67,0.013621780099774432
2017,4,68,0.01386494785033562
2017,4,69,0.01372898955828379
2017,4,70,0.013106201826593299
2017,4,71,0.013315050962871645
2017,4,72,0.013403612736205708
2017,4,73,0.01381220699612677
2017,4,74,0.012919016465511402
2017,4,75,0.012836212168809554
2017,4,76,0.012486908816509162
2017,4,77,0.013338865295867476
2017,5,1,0.012785985493434255
2017,5,2,0.012561295046290586
2017,5,3,0.014225825822416794
2017,5,4,0.013142059397286578
2017,5,5,0.014135084296289431
2017,5,6,0.014037877248277004
2017,5,7,0.01552250140822981
2017,5,8,0.01630596012427601
2017,5,9,0.01176050925700289
2017,5,10,0.011419437739674305
2017,5,11,0.011717977918857377
2017,5,12,0.01185832217919705
2017,5,13,0.01256147882482789
2017,5,14,0.012305932252550755
2017,5,15,0.01238095745299599
2017,5,16,0.012740405065270247
2017,5,17,0.012002045898305969
2017,5,18,0.013119991641785948
2017,5,19,0.013643317357708004
2017,5,20,0.014907606211309214
2017,5,21,0.013853024794251127
2017,5,22,0.014359440947381617
2017,5,23,0.015019736970205482
2017,5,24,0.015413677980988569
2017,5,25,0.013534803846530337
2017,5,26,0.01651524640168687
2017,5,27,0.0160666419513496
2017,5,28,0.014432398225513295
2017,5,29,0.014758716489569647
2017,5,30,0.014408390567608781
2017,5,31,0.01424634800388812
2017,5,32,0.016401367104719053
2017,5,33,0.01424452361531292
2017,5,34,0.013195378291461687
2017,5,35,0.012611614819532841
2017,5,36,0.01288840193958786
2017,5,37,0.01341161527425706
2017,5,38,0.012213278312886313
2017,5,39,0.012602588408534945
2017,5,40,0.013309550079545873
2017,5,41,0.013436148823327566
2017,5,42,0.013638324014212002
2017,5,43,0.012497631125138749
2017,5,44,0.013142926394619388
2017,5,45,0.013383702798556137
2017,5,46,0.012313694773421178
2017,5,47,0.01326700429494673
2017,5,48,0.012549708679870332
2017,5,49,0.012375812397422113
2017,5,50,0.012884125272971735
2017,5,51,0.012082093117437473
2017,5,52,0.012457559546529743
2017,5,53,0.012587796611126096
2017,5,54,0.012706463857833906
2017,5,55,0.01236722395719712
2017,5,56,0.012170153010492254
2017,5,57,0.013303685353895572
2017,5,58,0.013639136750963152
2017,5,59,0.013838700745847456
2017,5,60,0.013319693298617376
2017,5,61,0.013074733886681731
2017,5,62,0.01284471532586697
2017,5,63,0.013365360356489622
2017,5,64,0.012562277583211798
2017,5,65,0.012757353837202907
2017,5,66,0.012916969170176224
2017,5,67,0.013746807965709663
2017,5,68,0.013723504246088217
2017,5,69,0.01366646130837824
2017,5,70,0.013158366039246694
2017,5,71,0.013357325161606946
2017,5,72,0.01340205046952847
2017,5,73,0.013713898864703863
2017,5,74,0.012885595569719133
2017,5,75,0.012770385192211374
2017,5,76,0.012515331153366551
2017,5,77,0.013490635097158282
2017,6,1,0.012815549464710255
2017,6,2,0.012496341349241461
2017,6,3,0.014469965399955275
2017,6,4,0.013140081919175234
2017,6,5,0.014203434989471126
2017,6,6,0.01414569483329733
2017,6,7,0.015995724374210117
2017,6,8,0.016703166516026692
2017,6,9,0.011684739186257717
2017,6,10,0.011379243794963747
2017,6,11,0.011664008832133962
2017,6,12,0.01178893863199499
2017,6,13,0.012411008347328643
2017,6,14,0.012180636561964628
2017,6,15,0.012314785335030873
2017,6,16,0.012641980511903909
2017,6,17,0.011986796526864685
2017,6,18,0.01309880141248214
2017,6,19,0.013537621142963066
2017,6,20,0.014825844040998739
2017,6,21,0.013867842870442322
2017,6,22,0.014265881953028024
2017,6,23,0.014878759218029983
2017,6,24,0.0156837826293562
2017,6,25,0.013337499800549064
2017,6,26,0.016380835300462682
2017,6,27,0.015921070382089963
2017,6,28,0.01464897704953656
2017,6,29,0.014692673475561137
2017,6,30,0.014198479062461005
2017,6,31,0.01446942673699851
2017,6,32,0.017291696747057696
2017,6,33,0.014616165202138102
2017,6,34,0.013559434182182181
2017,6,35,0.012853786573701391
2017,6,36,0.013093821064185567
2017,6,37,0.013496646792259715
2017,6,38,0.012433343479018527
2017,6,39,0.012894174514956443
2017,6,40,0.013411617606415948
2017,6,41,0.013504656417817274
2017,6,42,0.013829176599402205
2017,6,43,0.012467112769670852
2017,6,44,0.013094092946244269
2017,6,45,0.013323956063455999
2017,6,46,0.012315032556647704
2017,6,47,0.013189149778903795
2017,6,48,0.012494690940568988
2017,6,49,0.012228025339672958
2017,6,50,0.012880010670623158
2017,6,51,0.011960956887552984
2017,6,52,0.012373275434647514
2017,6,53,0.012594926352678813
2017,6,54,0.012612428868648285
2017,6,55,0.012262837136724871
2017,6,56,0.012138248889304015
2017,6,57,0.013228161707667016
2017,6,58,0.01351173015009713
2017,6,59,0.013880118195417252
2017,6,60,0.013505116714246947
2017,6,61,0.013104588331435152
2017,6,62,0.012669817280799068
2017,6,63,0.013381215940004429
2017,6,64,0.012415042709961358
2017,6,65,0.012654412144470802
2017,6,66,0.012832612371532468
2017,6,67,0.013562076531981222
2017,6,68,0.013785115601472412
2017,6,69,0.01367635027438639
2017,6,70,0.013093587338285853
2017,6,71,0.013414774543176753
2017,6,72,0.013275451334530387
2017,6,73,0.013630469976769824
2017,6,74,0.01288227605007926
2017,6,75,0.012752176372493073
2017,6,76,0.012499941111550247
2017,6,77,0.01349405187541173
2017,7,1,0.01294822090818997
2017,7,2,0.01264606837699459
2017,7,3,0.014488935574762144
2017,7,4,0.013262527179170763
2017,7,5,0.014255965985317948
2017,7,6,0.014237031410650558
2017,7,7,0.01594044140290872
2017,7,8,0.016597914275256632
2017,7,9,0.01170235360789716
2017,7,10,0.011360072978284765
2017,7,11,0.011663023057112401
2017,7,12,0.011837343629893787
2017,7,13,0.01245186499988282
2017,7,14,0.012228007298220257
2017,7,15,0.012295133246038828
2017,7,16,0.012637283117790546
2017,7,17,0.012018682687276511
2017,7,18,0.012973637938643753
2017,7,19,0.013428871196848902
2017,7,20,0.014782213603120911
2017,7,21,0.013859701270423358
2017,7,22,0.01419571108210202
2017,7,23,0.014871683120921941
2017,7,24,0.015587313889622888
2017,7,25,0.013372958528244999
2017,7,26,0.016264814653701602
2017,7,27,0.015906013499127805
2017,7,28,0.014652868115801423
2017,7,29,0.014542627861068615
2017,7,30,0.01428405330158537
2017,7,31,0.014341454362735949
2017,7,32,0.017242101844053684
2017,7,33,0.014567167572036785
2017,7,34,0.013476338546846267
2017,7,35,0.01274742371365617
2017,7,36,0.013074141797135485
2017,7,37,0.01345069393888845
2017,7,38,0.01228299001787459
2017,7,39,0.012745593939968703
2017,7,40,0.013382460473041192
2017,7,41,0.01340291207840696
2017,7,42,0.013784891013671098
2017,7,43,0.012443467943530006
2017,7,44,0.013169952400477275
2017,7,45,0.013296483752032422
2017,7,46,0.012227192069620694
2017,7,47,0.013142880820655161
2017,7,48,0.012639493794546973
2017,7,49,0.012170883845199246
2017,7,50,0.012858931844813907
2017,7,51,0.012008905750227995
2017,7,52,0.012484839282808044
2017,7,53,0.012440302849169244
2017,7,54,0.012624294426933904
2017,7,55,0.01228526116631052
2017,7,56,0.012077989475688198
2017,7,57,0.013190406055443216
2017,7,58,0.013414499861961065
2017,7,59,0.013863567635766934
2017,7,60,0.013383110117401266
2017,7,61,0.013089201327750148
2017,7,62,0.012680771457390865
2017,7,63,0.013362693506262525
2017,7,64,0.012440684096605545
2017,7,65,0.012581435599185523
2017,7,66,0.012853680287789567
2017,7,67,0.013475515878280137
2017,7,68,0.013813958655839497
2017,7,69,0.013499803672258608
2017,7,70,0.013052024868777462
2017,7,71,0.013224846871846324
2017,7,72,0.013198877846690441
2017,7,73,0.01359991724275727
2017,7,74,0.012749053748553006
2017,7,75,0.0127029381901559
2017,7,76,0.012476947604122027
2017,7,77,0.013604051052597377
