0.029723991507430998,0.012131153273434591 0.6249716416897642 7
0.02906166219839142,0.012244830304674882 0.6374453141954441 7
0.029841906237186206,0.012384692570319097 0.633508448146546 7
0.03032895987830386,0.012281243729629058 0.655290297351533 7
0.033397312859884835,0.012397501594157909 0.682174660802143 7
0.031248694489702133,0.012321009944356684 0.5359554306272668 7
0.030250403877221325,0.012453751968403965 0.5371548784286444 7
0.03068424660295956,0.012463562642196398 0.6530222899221018 7
0.029403029403029402,0.012230663164245372 0.48000134353108564 7
0.031149646756583174,0.01219366611460635 0.4666833357766167 7
0.03132995666022662,0.012235133367330944 0.6334968334036021 7
0.03211571463594018,0.012455840204256934 0.5118313842477052 7
0.031097475944777575,0.012599092674366465 0.3617184676662204 7
0.03148994909843844,0.012497631125138749 0.42964833159849575 7
0.03419781337401475,0.012467112769670852 0.49259402827474263 7
0.03927272727272727,0.012205557542538603 0.6905616100456624 7
0.029466730409839628,0.012416516445258298 0.37858734406024575 7
0.034555024856223804,0.01232178509445595 0.49657329204239137 7
0.03291223404255319,0.012331663780114492 0.5762191871774576 7
0.03585877160720853,0.012059679899050069 0.8950373946709838 7
0.03699245335432196,0.01247936878510314 0.5054833834586315 7
0.034602235978933756,0.012589848178582002 0.4245709438911288 7
0.03350133412392529,0.01251022474314524 0.5312329457760573 7
0.03441409462793819,0.012536778249490751 0.4896691873110225 7
0.03479269353435779,0.012560916061055244 0.629294979559445 7
0.03457479073152978,0.012452204690148159 0.4091154020828103 7
0.03282247210524031,0.01256410791529843 0.4788035921773674 7
0.03008582016773942,0.012255705670697739 0.6864171515421623 7
0.029487667639717392,0.012439382171651484 0.36909592394235274 7
0.03131929046563193,0.012177469773008117 0.42246069601769515 7
