0.005575757575757576,0.013363517061232615 2.3164251663287962 40
0.005997653092268243,0.013242466267902273 1.9275376763200947 40
0.005799785554147578,0.013332713162210364 1.967367102005479 40
0.0056041033434650455,0.013250634358223207 2.145087033858352 40
0.004413387274733358,0.013051642174392225 2.2881723540773113 40
0.005416917449881939,0.013476246465009797 2.4228540406029597 40
0.005312759863254181,0.013519715948168759 2.4467713175507892 40
0.005167083139214773,0.013430285527895762 2.1377816669417706 40
0.006103631877407904,0.013420774095200537 2.568559892463829 40
0.006627179720830054,0.0135291250400801 1.918557153042954 40
0.005499615835658538,0.013418310131450516 2.0893404828315028 40
0.006816307037728476,0.013452216273302637 1.9884777481416516 40
0.005753852155256485,0.0131015586542299 2.1901926694407177 40
0.00930744172272285,0.013123885677121657 1.9310796984005594 40
0.00803769401330377,0.012977410925075436 2.0952361689710473 40
0.006369426751592357,0.012949794419891598 1.9234899470067828 40
0.0036461126005361932,0.013044950663846679 2.523292248981444 40
0.005831700760854709,0.013122820702686373 2.229365092702696 40
0.004943905685491539,0.01311617522762847 2.181472692311113 40
0.005118362124120281,0.013336272897875957 1.845585199065251 40
0.0062664494297531015,0.013229904029191136 2.135427580944251 40
0.008037156704361875,0.013207817922619236 2.221061477904745 40
0.007620660457239628,0.013271949057902606 2.0374298929230656 40
0.0067885782171496455,0.01303394589328156 2.174601694227274 40
0.006376731810257822,0.013044995526331588 1.918173870367184 40
0.006683724087515012,0.01310163110984922 2.322933431401294 40
0.007060554057367002,0.013285914537808863 1.661215063000743 40
0.006786594152372984,0.013356319429736736 1.8170853520182497 40
0.005564662237943232,0.013436148823327566 2.011199224310315 40
0.007161623866429359,0.013504656417817274 1.8570738860477165 40
