0.026218338023996444,0.011991735123384965 0.1188899348359784 6
0.021715817694369973,0.012285935035358513 0.2945592319568288 6
0.024192446125108204,0.01237053140475626 0.24274371663478475 6
0.02424415288077581,0.012284891501585673 0.5050172629402729 6
0.0272979313286415,0.012344191080980428 0.26012859193139165 6
0.024648034423695533,0.01214907182125354 0.15885598798316997 6
0.02823101777059774,0.01219083980797689 0.04293932040925558 6
0.024797387202128946,0.01227981095311467 0.12350400950275466 6
0.026772455343883915,0.012039706109972183 0.2152340298237882 6
0.02463528764106799,0.012177670169848668 0.23963064233087633 6
0.02527283170591614,0.012125859382197839 0.14392679068672753 6
0.02657514096592302,0.012168580515082086 0.22760516550139465 6
0.027146376609491936,0.012447255537903958 0.596844271972659 6
0.026572340609093262,0.012375812397422113 0.365668848463621 6
0.028476989575387746,0.012228025339672958 0.16128107733454936 6
0.028703030303030303,0.012257218259588278 0.21924588606133505 6
0.022252162197401018,0.01235981098428081 0.23798359028705773 6
0.024612535334827955,0.01223742943348633 0.46893153379573055 6
0.022891337386018236,0.012125592973127814 0.2536807137961432 6
0.026541620693882554,0.012321161953525587 0.2769066409739396 6
0.026343812213528404,0.012487012652609175 0.33207536235839946 6
0.026425205580707753,0.012563667360335767 0.3633142398709575 6
0.026258947100927535,0.012622643640249013 0.12330941794447552 6
0.025063850049781396,0.012467386157960813 0.14973771876877898 6
0.02530754255891977,0.012326311039779495 0.41369182971848156 6
0.024182134336204458,0.012454518386048134 0.5310750592307699 6
0.023878782616246257,0.012389410664990677 0.22412461313369159 6
0.02399063779988297,0.012083328565617347 0.469416011967994 6
0.025891610610483565,0.012262890558270052 0.1618214299670598 6
0.027900960827790096,0.012078735732007722 0.16266202699217397 6
