0.010472727272727272,0.013751302335837892 0.0835840561577741 4
0.013690295101916642,0.013542997946350667 0.1080472920279886 4
0.011209669558436495,0.01360852439351343 0.1103616138307456 4
0.011160714285714286,0.013346237556414073 0.108052825360646 4
0.012872379551305628,0.013650973856713846 0.10236248090003472 4
0.012500578730496783,0.01382295818651743 0.05815493422318607 4
0.012011457082139887,0.01397494801417115 0.06961169641589593 4
0.0132141798314345,0.014011498830395493 0.0783706714666666 4
0.012596857278905676,0.01381601134393105 0.05437177930159047 4
0.011017686285879966,0.013619443773017225 0.09680262004881006 4
0.012050628816369445,0.013744612371936409 0.16167116902360346 4
0.011027655971866453,0.013692280459559544 0.051308281772651364 4
0.011556465769455822,0.013327987973596812 0.1902208650180475 4
0.011380462833692939,0.013609491996309498 0.0874832099423846 4
0.010393569844789357,0.013578230978241547 0.16294238179279552 4
0.011010714462055005,0.013340888511584482 0.26256616268505706 4
0.013780160857908848,0.01327127959308096 0.13979356369330767 4
0.012984646225340563,0.01361464593886665 0.20060238137503963 4
0.012359764213728846,0.013527077221223177 0.13468149848304894 4
0.01253998720409469,0.013637144394083185 0.14428049045984578 4
0.01182270125746752,0.013419526144667964 0.059119499912514785 4
0.011954765751211632,0.013640784494025601 0.06614668285788401 4
0.0120962864400629,0.013523051206105478 0.08474336954797076 4
0.011583011583011582,0.01339527206210311 0.11051589627617345 4
0.012615836315258281,0.01343139892264018 0.19259734729274922 4
0.010443318886742207,0.013505974895686739 0.07163654969234841 4
0.011228242216229468,0.013522073488906642 0.10085953346775231 4
0.011109561660391391,0.01381220699612677 0.13629564818213075 4
0.012035199723923733,0.013713898864703863 0.07290614692813972 4
0.01228917704890245,0.013630469976769824 0.07891744949389935 4
