0.038512812916604945,0.017246238416415993 14.130419839483936 195
0.033029490616621984,0.01646056064655509 13.511345488333731 195
0.03170987288714748,0.01613793738648891 13.79273356409616 195
0.03137478608100399,0.016030251287218848 13.007218028985926 195
0.034207720196203883,0.016140670720596155 13.053261853935236 195
0.03129047081923382,0.016499195628557506 13.529939774916029 195
0.037075928917609045,0.016567910910176765 13.61388200264571 195
0.031168098060562074,0.016723476172409563 13.529286205131381 195
0.03339131910560482,0.01677511887079461 13.681043546795479 195
0.03137902559867878,0.016665592087102613 14.453834834368102 195
0.03576836718709206,0.016735940541718015 15.60025401037575 195
0.03834273106153469,0.016494388499058817 15.912132645458255 195
0.03769813601078418,0.016693182031116017 14.61083709951289 195
0.036795789836942455,0.016401367104719053 14.861049624837646 195
0.038350707687092124,0.017291696747057696 14.845954995083861 195
0.025745454545454547,0.01548870469312568 12.857101764177417 195
0.030770568038593595,0.01565949620660329 13.102281348916952 195
0.03206940247587484,0.01609606012660766 12.925733634118187 195
0.03481193009118541,0.01656825467124383 13.436950129403693 195
0.024334927056515875,0.015436169811340493 12.96301368622091 195
0.026529005972498725,0.015202385027149821 13.286922129422022 195
0.026979580522960362,0.015408340164564388 13.182486274553675 195
0.023294227266951843,0.015661444130377355 12.91811482086432 195
0.026492359638110904,0.015809734634503053 13.077991424597926 195
0.031934722279749826,0.016104723855265787 12.806448607213284 195
0.03275506490355453,0.016153117594984463 12.802220015775966 195
0.028654539139495505,0.01573125223848303 12.578196620978666 195
0.0357421494051102,0.016413448456810666 12.842370801256605 195
0.03223759360324914,0.01656287431362509 14.178747585182979 195
0.034183296378418326,0.016538986326843082 14.491566244133066 195
