0.004266666666666667,0.013710976984463228 0.1638182894066724 9
0.0036942066148029033,0.01395932942277196 0.21937610191637824 9
0.0045813432108392635,0.013921961616571638 0.22745381894932215 9
0.0038943768996960487,0.013896724699077932 0.17810561880533446 9
0.004842466593110212,0.01372272865819004 0.09748881151499308 9
0.0034723829806935507,0.01394021325908848 0.12742380020785798 9
0.003742030860205119,0.014010769709516696 0.14093612948589798 9
0.004574139172419635,0.014012225754445233 0.1408775350204968 9
0.004718410458421713,0.014082280510203457 0.23074750382882256 9
0.003355009733670215,0.014002696991569676 0.18279965443271265 9
0.0036798900076832866,0.014013679785402234 0.12733717263395838 9
0.004688924586462901,0.013931103825093692 0.13440308475908094 9
0.00341330212599961,0.014088256097017332 0.20017252736849414 9
0.003680670135804036,0.01391871589446745 0.13750140911269196 9
0.0033259423503325942,0.013895942145070169 0.12583743491987792 9
0.003406902681084284,0.013813884973592767 0.12772013490591003 9
0.003806970509383378,0.013914153347277785 0.23416287546579748 9
0.004100414597475967,0.013908435649159513 0.1809295430079569 9
0.004135767256132345,0.0139947051130979 0.19910146367349532 9
0.0037534655576882065,0.013950560941522548 0.11662950125892323 9
0.0047207252370806705,0.013957001590509057 0.1304410742764626 9
0.0038772213247172858,0.014032684468979505 0.11678720949719137 9
0.004556267892423692,0.01396925060495194 0.13416808005941444 9
0.0033942891085748227,0.014175087884801115 0.08441235447089925 9
0.004266446462978255,0.013869580278793953 0.1414194568033148 9
0.004751710093467704,0.01392407338623225 0.2866313782813155 9
0.004461877911252758,0.013949463970822291 0.12720505325653528 9
0.003997582856877237,0.013889132616939335 0.09770629909040116 9
0.0037960486584418945,0.013838700745847456 0.08291553898003474 9
0.004025764895330112,0.013880118195417252 0.07987628610894575 9
