0.0048484848484848485,0.01280652485312375 0.011544555106534453 1
0.003954974140553696,0.012542380226770103 0.008274875354951612 1
0.0037040647236572764,0.012559623753043724 0.002087206586744086 1
0.004226823708206687,0.012375213083730997 0.07745974955277281 1
0.0046585754566629885,0.012637722569853675 0.0 1
0.00481503773322839,0.012762308327392993 2.807509994149705e-05 1
0.004804582832855955,0.012831299370252694 0.02702702702702703 1
0.0043623734699928,0.012896346547089795 2.169526826199206e-05 1
0.005324444829228172,0.012704589265356078 0.030663910851568738 1
0.004763285424346601,0.012681604188894937 0.0046497957988641215 1
0.0041651502284766875,0.012771661076489544 0.010752688172043012 1
0.004428428776103851,0.012647050366233625 0.025249542431227387 1
0.0033645406670567584,0.012417937791363697 0.04798528437244465 1
0.004230655328510386,0.012550365524754723 0.00847457627118644 1
0.005219881744271988,0.012562928604619052 0.03225806451612903 1
0.004295659902236706,0.012420592106814957 0.03773413254551445 1
0.004986595174262734,0.012428861345099393 0.0033033779874385633 1
0.0044648958950293865,0.012622293688900154 0.06280925276616535 1
0.004706217912150599,0.01259262779174549 0.008210077439266841 1
0.004350607805502239,0.012732109938634563 0.005960203597373677 1
0.005556251827714417,0.012434892086198662 0.0 1
0.005411954765751212,0.012594467822620768 0.029896727603875774 1
0.0050401193500262086,0.01260640605748545 0.0015337423312883436 1
0.0050065764351478635,0.01243669533129168 0.0 1
0.004771079915588586,0.012459307441789018 0.016666666666666666 1
0.005169442848937392,0.012471184807804256 9.672090334227309e-05 1
0.005099289041431723,0.012548989160784847 7.513686566941262e-05 1
0.005903407242132664,0.012780043898663065 0.0021007314617389242 1
0.005047019239064792,0.012706463857833906 0.014492753623188406 1
0.005720823798627002,0.012612428868648285 9.512285059562874e-05 1
