0.013726361526687405,0.012678897848973615 0.25125573679746066 19
0.013029490616621984,0.01282143007928946 0.31711181942436606 19
0.013622488496059047,0.012535848357870527 0.2394029809967313 19
0.010981175128351398,0.012599504155177771 0.24306371665701712 19
0.01108978460226061,0.012517544760841106 0.2590756511655913 19
0.011780924927935832,0.012481326257262655 0.2622436163987132 19
0.012924071082390954,0.012371952054534932 0.46905716347930826 19
0.01088665779605661,0.012452474850649512 0.29394713169655645 19
0.011116296830582545,0.012508444860418544 0.33211957962963656 19
0.012294705936324434,0.012723147704551806 0.3596352849169449 19
0.012218683097488381,0.012637757869075856 0.22952424137686028 19
0.012159843098798724,0.012473741821480236 0.18339196039746472 19
0.011806814484265328,0.012332537343110336 0.16192509037910546 19
0.011819515141057717,0.01238095745299599 0.22290149088717115 19
0.011823035850495805,0.012314785335030873 0.21211022715451755 19
0.015078787878787879,0.012763257816081865 0.35369086152718493 19
0.01412490764483463,0.01262695083505862 0.26002251611177285 19
0.01281801345160347,0.012580963785887168 0.3067464251759943 19
0.013297872340425532,0.012763981450152388 0.32547832651922953 19
0.014343508642883413,0.012912220593088972 0.29413119298472745 19
0.013195055326635492,0.012653798050351706 0.26791844768407014 19
0.01270442575995565,0.012490769951558366 0.23325687908118684 19
0.013341239252890602,0.012430693690560896 0.23337340432991455 19
0.012293840093502446,0.012338072936713155 0.2542809490694472 19
0.012301702356790789,0.012502404886332375 0.24873564562781622 19
0.01213150551983501,0.012431398401922608 0.19785351801417622 19
0.011765727434550427,0.012564208882274558 0.2133784720176827 19
0.013263116832455627,0.012743792939149437 0.2813430894750388 19
0.011761221813258874,0.012531821042252523 0.3289959343820918 19
0.011132668144863267,0.012614545472786428 0.34802663572826414 19
