0.018375757575757577,0.014288779604969557 1.5067399750506887 57
0.019340258159850493,0.014305735834425487 1.224873942175427 57
0.01808168437469539,0.014173212079880433 1.3223605906642253 57
0.017904635258358663,0.014379662424800018 1.1451556177499034 57
0.01986024273630011,0.014360900080292713 1.7692387211109553 57
0.018102689939349045,0.014201185994141588 1.492597608640329 57
0.01857156056546244,0.014102335822813896 1.3643039600795968 57
0.016983609334632162,0.014027207797572959 1.3485463983982267 57
0.016406216181117702,0.01415210355150448 1.2529548972750937 57
0.018059064739261898,0.014179874444190306 1.30030493643161 57
0.018884710259209833,0.014147221034180526 1.224645627040231 57
0.018278122693526678,0.014260033188374138 1.2626002932045537 57
0.01955334503608348,0.014368854984932495 1.2184128615668794 57
0.022380166687819943,0.014241021147086853 0.9968266541884173 57
0.020232815964523282,0.014230950831862092 0.9165052138514669 57
0.023502690959364046,0.014334906306658481 0.9096317479437481 57
0.01967828418230563,0.014364019418060607 1.2071948913008024 57
0.017677342931340836,0.01423511186301248 1.2619657701498626 57
0.018397033656588704,0.014290568336015412 1.2153305183445158 57
0.02145446790360418,0.014083243927174098 1.1598576860497938 57
0.017880269039562184,0.014360760309261852 1.1936791109098701 57
0.01983037156704362,0.01419908518934107 1.1339963972638425 57
0.02068464981250756,0.014245324829786105 1.0414763588497933 57
0.022572022572022572,0.014389976768390763 1.0075567084318995 57
0.022249747683273695,0.014363433975181167 1.0069858947605306 57
0.021617670095556367,0.0143509355654119 0.9738813435264992 57
0.01926942878156411,0.014233413291106774 0.9055200810521948 57
0.01808208989913076,0.014158468312761345 0.8307787855639766 57
0.017470451212147357,0.014359440947381617 0.9026449852213937 57
0.018391389100771253,0.014265881953028024 0.9751169446495913 57
