0.016096969696969696,0.012597363213236224 0.056731424623861104 3
0.016254509105132774,0.012371590311863136 0.10268256903869158 3
0.014475095038502778,0.01238344301239937 0.02823684863557245 3
0.013440349544072949,0.012231618283583564 0.23231061749216164 3
0.014527399779330636,0.012545261360323572 0.06610421639915816 3
0.015185888235566462,0.012656761154911874 0.029266553732780597 3
0.014090363115587175,0.012776849963562327 0.06575600193448512 3
0.016433018508322392,0.012755393195892148 0.023981456629309623 3
0.014025366867235184,0.012687789218655002 0.037784554053134176 3
0.015491032597440252,0.012494351228860482 0.15109113908522637 3
0.017348052893364066,0.012513014720107466 0.021512577461960815 3
0.014283853601354578,0.012485791473745508 0.12354264442673588 3
0.013263116832455627,0.012263835795453485 0.06654570190142137 3
0.013326564284807716,0.012484193896129751 0.028297147494420593 3
0.014597191426459719,0.012510864836367595 0.06261200363619832 3
0.014071989334913345,0.012322678285397782 0.0739599150061588 3
0.013780160857908848,0.012335583450815008 0.058234770961011165 3
0.01603717709235045,0.012448762004909873 0.03219521496966563 3
0.015972618368511125,0.012376788626325068 0.13956476833081927 3
0.014928556195350821,0.01257338665541219 0.13886563265435 3
0.013493754438735012,0.012408181739285984 0.036056788516695526 3
0.014620355411954765,0.012533095941278036 0.03599499099183714 3
0.015483246643280513,0.012432669839415326 0.05579810854653886 3
0.013789299503585218,0.012397366458757057 0.06590943762672782 3
0.01394623359941279,0.012403748872350585 0.1229248084342413 3
0.015873844707848153,0.012333711171384449 0.22316425492783393 3
0.014170139740132386,0.01248725629219921 0.11836346765047936 3
0.016873518337749267,0.012591027906390573 0.13028470945666898 3
0.015270468466913985,0.012587796611126096 0.10090070932386917 3
0.015043647766759895,0.012594926352678813 0.08683468168986588 3
