0.0033454545454545456,0.013018991523094724 0.11078305383926716 4
0.005084966752140467,0.012994303834679378 0.08896718241405839 4
0.0044838678233745976,0.013082532825739249 0.06954513549006902 4
0.004369300911854103,0.01291491667921302 0.07852412438539862 4
0.00435209022925095,0.013084092868718237 0.11910107736412336 4
0.003750173619149035,0.013201721520843826 0.12465996523740397 4
0.003280051741661277,0.013221810881931024 0.054976711482270485 4
0.003176485536402524,0.013258066389370974 0.06977941314099102 4
0.0034630535474654777,0.013200629820518207 0.07462397949172245 4
0.0035206892266909664,0.012938950641651448 0.06320852589322505 4
0.0041651502284766875,0.012886434766807798 0.08546341141707044 4
0.004254764902531151,0.012844737974194626 0.050448817787351656 4
0.005168714647942266,0.013011769614634034 0.07178756969705284 4
0.003680670135804036,0.012819160501632058 0.058582747728318785 4
0.003972653362897266,0.012825987780940653 0.08164781530824707 4
0.004394410704586974,0.012768731132052605 0.13066590069259354 4
0.004182305630026809,0.01295813159882653 0.07457693317455279 4
0.003781493462116725,0.013022476649982299 0.08519094820405623 4
0.004801293021486974,0.012969460804615342 0.06495570172003176 4
0.0042653017701002344,0.012987305779656157 0.11985193001663508 4
0.004010527635041985,0.012971272841970555 0.10170542616924914 4
0.0038772213247172858,0.012820664547706678 0.07105530182772325 4
0.0037901697512197088,0.01301950030066978 0.08970126618802564 4
0.0033942891085748227,0.012945847094245316 0.05368806527540766 4
0.004633452610331223,0.012935676643314433 0.047029495522553734 4
0.005117226254503681,0.012900502296455828 0.04655638012238727 4
0.003481245403285119,0.012879495347159067 0.035219757097733895 4
0.002742527773904151,0.012800719874937793 0.06212165867473156 4
0.0032352687429902513,0.01284471532586697 0.02088575760551316 4
0.0042800237308246464,0.012669817280799068 0.03333596580931523 4
