0.011636363636363636,0.013638177780232092 1.5790202905527249 36
0.013994523881959233,0.014158587276314357 1.430602364224495 36
0.014475095038502778,0.014048190785052575 1.3962219245077214 36
0.013440349544072949,0.014288598210005268 1.3630234003321695 36
0.012749785460340812,0.013721897035071236 1.6407719315673412 36
0.012732070929209686,0.013608333623893574 1.7673349125065922 36
0.014367550586713481,0.01353880102247223 1.4569547357671462 36
0.013341239252890602,0.013652938049675413 1.429691081474328 36
0.013679061512488638,0.014010616026079547 1.6008584052748176 36
0.01399991716025349,0.013947123264486452 1.4639619977968334 36
0.01536657365845768,0.014062798953909404 1.5536205734914137 36
0.015977076368688403,0.014198633818440895 1.5410401703821979 36
0.013555685586112736,0.014307635018244157 1.5344198908594684 36
0.014172695350509794,0.014590001932246863 1.2101417736696478 36
0.012749445676274944,0.01437558311711218 1.19816046542137 36
0.011553843874981484,0.014382973679158166 1.1483201776848673 36
0.012868632707774798,0.014063240255737722 1.6379547675706543 36
0.013759168982641578,0.014017917142554452 1.3858825824827923 36
0.012644989541737973,0.014313671006118016 1.3058292940411655 36
0.013009170398805716,0.014031936507226499 1.237026041419908 36
0.015540794585787693,0.014347537580781868 1.1983390786347192 36
0.012762520193861066,0.014164968279054233 1.1171372548294909 36
0.012499495988064997,0.014306367992221809 1.0678181003873894 36
0.013916585345156773,0.01460296265945798 1.1050640370530935 36
0.011973575557390587,0.014315100165577566 1.236985290080591 36
0.013315231580596314,0.014316745735708352 1.0247478829587495 36
0.011816621721010051,0.014162684986230963 1.0665494083210976 36
0.013480221261562775,0.014152203857379272 0.9653148297737814 36
0.01302734880510741,0.014225825822416794 0.9829960468640718 36
0.012670565302144249,0.014469965399955275 1.1059189339021644 36
