0.012245099491433369,0.012617860866104337 0.5410696708324076 25
0.011152815013404826,0.012648942018342832 0.4480179608048337 25
0.012939086063146385,0.012501758543249367 0.41597123933657115 25
0.01050579958166952,0.012625765947237745 0.4615942734591272 25
0.011558967796971636,0.012304485564556466 0.4233408146608564 25
0.012700004177632953,0.012547703686194692 0.43499060338961415 25
0.011550888529886914,0.012328403683504144 0.4903762180718111 25
0.01225757025926374,0.012443900065317152 0.5536092959293527 25
0.01179515465229751,0.01252488275187127 0.48438030020045975 25
0.013992109367831912,0.01253234018167526 0.5879064228665978 25
0.012323116286355804,0.012684615425545803 0.6347023340155773 25
0.013924981613140475,0.012395652438598727 0.4741682943474852 25
0.012411100264956072,0.012392307947602257 0.5519139201919567 25
0.012811664222241394,0.012561295046290586 0.4773066482308269 25
0.012628188829561827,0.012496341349241461 0.46442137880142503 25
0.011975757575757575,0.01237518774860349 0.3965435800392171 25
0.011517232387326699,0.012531731417550884 0.40912752490411086 25
0.013451603470123794,0.012381026179993659 0.42779074934915573 25
0.01310790273556231,0.012578119250091136 0.4533098668968973 25
0.013485350006129704,0.012564691786206067 0.4330768614699085 25
0.011065327098476782,0.012283450098495633 0.3740358381455556 25
0.011087498845052203,0.012104854878166848 0.3980667486798786 25
0.011901232476388125,0.012270141169084453 0.4032817405760705 25
0.011254924029262802,0.012266321282452659 0.39267682405243126 25
0.010769167046348838,0.012364140043811967 0.4566603864881843 25
0.011848437057705528,0.01227790272429264 0.4700871925416374 25
0.010636912256327877,0.012582793920741304 0.4228305803486779 25
0.012190364735712892,0.012592332616077659 0.46804972585334126 25
0.013411177391377925,0.012635691052940979 0.49403111221208834 25
0.014042867701404288,0.012496704062917927 0.4649065199769304 25
