0.019296969696969698,0.01239344013358431 0.30910513746038487 1
0.018992568125516102,0.012098672590204812 0.2997335599805153 1
0.018715274393215714,0.012256429405448927 0.2395489702462248 1
0.01856952887537994,0.012178988496812702 0.29498546089313055 1
0.019492460463405664,0.012196312923624004 0.12671967307703538 1
0.018797166535487755,0.01241184417483505 0.12927243535786295 1
0.01778619606393791,0.012513808177393565 0.2004795195488716 1
0.019609504044724918,0.01237321307516549 0.15207000912980817 1
0.019090082680403447,0.012438257031479851 0.164658928218674 1
0.021745433458973614,0.012304605463599181 0.10566493434320866 1
0.020340490921590036,0.012247247998269097 0.1448052268845683 1
0.018495202535492555,0.012380157995993615 0.31006829615188247 1
0.019163253364540667,0.012058381587532262 0.2169932655475575 1
0.017049540973896857,0.012222039502676632 0.14894838548202563 1
0.01746119733924612,0.012100131798694798 0.11512181446244867 1
0.016590134794845206,0.01205907865285819 0.0696385587103905 1
0.019785522788203752,0.01202471001626739 0.395604888365346 1
0.01918082828374869,0.012098139710335945 0.19807135335385911 1
0.017493820117893136,0.012118437848225748 0.1769254300426698 1
0.017828961399018982,0.012319450738348621 0.129774049909951 1
0.017587834732840372,0.012091119906217912 0.15187744650599144 1
0.016033925686591278,0.012271142969650822 0.1904485207574834 1
0.01838635538889561,0.0122039797365557 0.14403793763724204 1
0.017862446433875006,0.012024578954463431 0.10422860004429436 1
0.01665290393614093,0.012067480607847727 0.10381951447275033 1
0.015090595791342488,0.012145909818956708 0.09433252275453308 1
0.01755332189262074,0.012245743819237825 0.22643495216553924 1
0.017803188769581185,0.012339863448574925 0.05953931474479869 1
0.01690967129669571,0.012313694773421178 0.2630531403662685 1
0.014874141876430207,0.012315032556647704 0.20233844174443083 1
