0.017528267417172765,0.015935902817926284 0.1810083206018745 4
0.018659517426273458,0.01616563457921163 0.15428009935083337 4
0.01772290309353501,0.016294601145670072 0.11851736593360714 4
0.017779045445902263,0.016284659356720913 0.10252001549395519 4
0.019705694177863085,0.015968884488042238 0.10656917057893942 4
0.021640138697414046,0.01595609984097052 0.09665166804814442 4
0.019022617124394185,0.015964289648851184 0.10365979466134868 4
0.019958872626103786,0.015990908402385286 0.12499961114422997 4
0.019389876532733677,0.016216219467924765 0.11492793620592578 4
0.019680704651802917,0.01615145651288862 0.13040774099731275 4
0.01858910761840113,0.01618677941792139 0.13487823392827852 4
0.019955871537141456,0.01602916994721801 0.18946151547055157 4
0.01808208989913076,0.016119069028440416 0.18970652357265108 4
0.018764558709343456,0.0160666419513496 0.09934295589765507 4
0.01779811848461734,0.015921070382089963 0.13317241473602437 4
0.019733333333333332,0.015982804408759647 0.08640514181020605 4
0.022382545960276414,0.015986225834049263 0.09873789609704482 4
0.01886148747441271,0.0160141466180535 0.08503293103056085 4
0.01866451367781155,0.015936575008620158 0.09911058997143163 4
0.020840995464018634,0.01599770585884492 0.08912418821476706 4
0.022223251076438723,0.01611218920226347 0.17118715078347926 4
0.020280883304074657,0.016069030125671884 0.1635003624306039 4
0.020880098259285926,0.015789892255525333 0.13467484181020714 4
0.020302151422016364,0.01582546230728975 0.14821371571588346 4
0.021993952698504744,0.01590441749335 0.10585675817348858 4
0.01965303894213272,0.01589081676004511 0.12867934859526586 4
0.02157773629140798,0.015818922810493213 0.07863159205048548 4
0.01770040959625512,0.016185611804539035 0.11777243837810476 4
0.018107204806024454,0.01595945284721445 0.12191658284173662 4
0.016444937176644494,0.016100079655983347 0.1139041875374636 4
