0.003006060606060606,0.01323601294690534 0.12084202367976457 0
0.003172671563301317,0.013583670004786896 0.17595079836584934 0
0.00282678623647529,0.013496048698008913 0.09319815902569475 0
0.0028020516717325228,0.013412326852050457 0.15612996310902585 0
0.003126149319602795,0.013112689633263338 0.10120833291172965 0
0.003101995462752905,0.01337234445114757 0.0739895363559401 0
0.0029566663586805876,0.01359495091617988 0.05891207030855346 0
0.0037694295031976623,0.013602311120296667 0.17684766151412568 0
0.0034197653781221594,0.013519700969179897 0.07308296093935515 0
0.004059147579008408,0.01346789896595603 0.06865225384545574 0
0.0027902462695620525,0.013553136750523578 0.06401177630747729 0
0.0031693656927017757,0.013585087435074202 0.17502675285852815 0
0.0033645406670567584,0.013381257211174625 0.10407028111769603 0
0.003596057029233828,0.013355200137535647 0.13038053044720865 0
0.003048780487804878,0.013224481547927939 0.1068717623336417 0
0.0038019058904853603,0.013159214789488189 0.14545198304470852 0
0.002412868632707775,0.013171656258247972 0.08044701441545948 0
0.0025058089206797577,0.013346595889379547 0.13060598124995823 0
0.004373455029473284,0.013303717142634303 0.10945938886089215 0
0.0028150991682661546,0.013408824727681736 0.08624978349987468 0
0.004219409282700422,0.01340941299672889 0.14541521348260722 0
0.0035137318255250402,0.013518867529240294 0.07845084935090192 0
0.0037498487964194994,0.01345855727091565 0.07372817287498278 0
0.0037761466332894905,0.013486900134237026 0.067771272856751 0
0.002523167263051656,0.013160834793389926 0.06783302925389957 0
0.002610829721685552,0.013244686872679993 0.11345581240288122 0
0.0029418975239029173,0.01345960658432496 0.10893951315215729 0
0.0036257146841444706,0.013408443178407881 0.05945376292389939 0
0.002976447243551031,0.01341161527425706 0.12577651748383528 0
0.004110517840494957,0.013496646792259715 0.1264759221630795 0
