0.0037818181818181818,0.012808717851790755 0.05925612656699627 3
0.002824981528966926,0.012668802871570357 0.047163775766075465 3
0.0046788185983039285,0.012744813831920993 0.016240840833106375 3
0.0038943768996960487,0.012591853875381415 0.05101565737095716 3
0.003248743410567611,0.012800829928908809 0.024155179889953506 3
0.003287189221723228,0.012862105574557752 0.03645812305093173 3
0.0032338538298068925,0.012580958387193105 0.07256710833440215 3
0.003388251238829359,0.012688882446915012 0.025101198110452735 3
0.003506341716808796,0.012737030494684382 0.11600752763276516 3
0.0037692084662220935,0.012534256160865908 0.06595401159635446 3
0.002951999676493186,0.012484015200876785 0.023339943323122444 3
0.004167932965744801,0.012428323280657376 0.019717369710397267 3
0.002730641700799688,0.01257721090953967 0.042133368062371196 3
0.0032999111562381014,0.012564064768200208 0.04835577174799533 3
0.003048780487804878,0.012578868326952498 0.031139915980811 3
0.0038512812916604946,0.012616064604528089 0.017943756306637894 3
0.0033780160857908846,0.012643317503356155 0.053789836566003474 3
0.003553692651145838,0.012805589645140792 0.056803050925032635 3
0.002852253280091272,0.012735980953386041 0.042877435964243926 3
0.004094689699296225,0.012747325685821754 0.019254813535219177 3
0.004135856623637048,0.012741573180507856 0.034293516831454415 3
0.004321486268174475,0.012640578498778754 0.0025171273073874576 3
0.0035482440224184507,0.012808879821230985 0.05063590801267253 3
0.004073146930289788,0.012546642959805437 0.03571430818500371 3
0.0032113037893384713,0.01254485443592087 0.008876615346216718 3
0.0031852122604563732,0.01265169926062386 0.030414239582954392 3
0.003187055650894827,0.012670169026349145 0.0386605263685953 3
0.0036721982057360664,0.012318069506416932 0.018603427523806833 3
0.003105857993270641,0.012562277583211798 0.03857392073551073 3
0.00322061191626409,0.012415042709961358 0.037587664325122665 3
