0.02375757575757576,0.01294866876989007 0.1307026014146482 6
0.02368638358903038,0.013116365398854106 0.07781660951057849 6
0.02446632225363096,0.01302505734299181 0.18037361239935812 6
0.021466565349544074,0.012935892139363768 0.18526809748317075 6
0.02415103592006865,0.012955878231059462 0.18982338286939474 6
0.022964026112320016,0.01315931412860451 0.16023424268834874 6
0.025039268225076225,0.01330271185299637 0.10542353198833979 6
0.026089534538986065,0.013343644693971939 0.03820033835857094 6
0.02610276611402104,0.013226915904370244 0.046789661157745674 6
0.02182827320548399,0.013033395389709362 0.05874708388304866 6
0.02086618949411622,0.01317989204618988 0.17243064003788627 6
0.02270655146963053,0.01296874715143901 0.1702721284083951 6
0.021601326311683246,0.01304609922566539 0.2699453535966532 6
0.023057071540381606,0.012824815265556698 0.10491656850400778 6
0.01953991130820399,0.012932459691269488 0.10857012323209764 6
0.02083641929590678,0.012805098559337393 0.058759689491463596 6
0.02058981233243968,0.012911507060578266 0.25601019604212616 6
0.02113991525809832,0.013093529663056202 0.14798851871302013 6
0.021344362046016353,0.013150357815729189 0.145117802222658 6
0.023032629558541268,0.013039402528500861 0.16183770716140114 6
0.0231023102310231,0.012972341937060284 0.07678571582480184 6
0.022455573505654282,0.01290395556831994 0.055217539184281274 6
0.022700697552518044,0.013034036729761327 0.08426003669909378 6
0.020068734354448642,0.01299206820201841 0.15432768371713196 6
0.021699238462244242,0.012998987260059863 0.10014549236394078 6
0.022348702417628322,0.012911447326634804 0.04187166422062823 6
0.02162294680068644,0.012959453181057578 0.018630719004814927 6
0.021893738669641612,0.012939522495286003 0.032565230570719986 6
0.021827279786040894,0.012916969170176224 0.054666797678471775 6
0.02156962454445292,0.012832612371532468 0.057336763696121805 6
