0.025357575757575756,0.01377531792857784 0.29587546996763425 3
0.028814811595462644,0.01385209263946436 0.20401808388514012 3
0.02563602690320694,0.013892134573479096 0.10245410405563454 3
0.02507598784194529,0.013658334306564365 0.17098125259734204 3
0.02556086796616403,0.013725530373422716 0.17364085784971295 3
0.028797629519885178,0.013844812243694257 0.15686395644358134 3
0.0318303612676707,0.014138461147184056 0.1259095884714884 3
0.03371309982635212,0.014135176636420289 0.054819762858565345 3
0.028700056274620148,0.014054526797593047 0.04887864471674973 3
0.029822308743735246,0.013687701752639659 0.074788804691083 3
0.030369202151320312,0.013819171293336823 0.08378356694148169 3
0.02704814830894803,0.01382820666459869 0.17363474636305787 3
0.02520967427345426,0.01370968423160898 0.1242227220570746 3
0.023310910860092227,0.01364402622388732 0.38761689297564617 3
0.024898373983739838,0.013413808219026165 0.28609633888338704 3
0.023255813953488372,0.013400783134167494 0.4084402815572522 3
0.024396782841823058,0.01356918429308459 0.1224181328455812 3
0.028794022506720123,0.013692165977327692 0.11016295005120609 3
0.028807758128921848,0.013717702798578717 0.30560967973944153 3
0.027340584346342504,0.01375941372674919 0.22886308030837527 3
0.027405272172786897,0.013640724821609445 0.19631259673592408 3
0.02552504038772213,0.013700431803708647 0.17823889028405782 3
0.026894076851739848,0.01362617693155243 0.3275607181419332 3
0.026433026433026433,0.01354999900863201 0.3400863681914979 3
0.0242224057252959,0.013590437302979543 0.27211398368551576 3
0.023079734739700278,0.013581114536128714 0.2778219021981792 3
0.026428046089727875,0.013552040526372135 0.3560040409829335 3
0.02761121182540789,0.013621780099774432 0.38657138643637246 3
0.025925286860495212,0.013746807965709663 0.2933634309054166 3
0.027205695397915078,0.013562076531981222 0.25052071609380544 3
