0.00597442354219128,0.011619593916504418 0.1359053904563122 10
0.006327077747989276,0.011758182908810866 0.11140243175739743 10
0.005512779625495467,0.01158164555359841 0.1188417792474259 10
0.00513405590416429,0.011482123736037844 0.07217136354412086 10
0.004691831947110258,0.011437004906751258 0.09781078779135001 10
0.004261185612232109,0.011497213476376106 0.12372899495900508 10
0.004281098546042003,0.01150552912290011 0.12230372918047176 10
0.0032659973388169832,0.011468706190037549 0.09063706514817958 10
0.005600577029148458,0.011429829023608819 0.08281410594371481 10
0.004633452610331223,0.011609038719535208 0.09692138744292537 10
0.0038118113936609055,0.011635649796492913 0.10896254098795517 10
0.004216719784260848,0.01146908128439558 0.10625171440105957 10
0.003160879468228513,0.011380042655807297 0.13085130483762492 10
0.003709774825295488,0.011419437739674305 0.19683387673733635 10
0.003432494279176201,0.011379243794963747 0.2108021889524657 10
0.004993939393939394,0.011710662829906123 0.11976098026421171 10
0.004824199226389674,0.011587541678220025 0.1027113716586644 10
0.004240179354712935,0.011537022415477525 0.1635273326442731 10
0.005414133738601824,0.011694421826207037 0.07434547354452584 10
0.0046585754566629885,0.011817904761063031 0.10795546439744198 10
0.004907634612713552,0.011596634508078456 0.10634873407637414 10
0.005266561951399797,0.011446742672667034 0.08726198084083857 10
0.004701198593875736,0.011423968139743702 0.1214064493757394 10
0.004372105103675166,0.011398464004063193 0.1173846091501689 10
0.00575736238247111,0.011427903430792351 0.10080801251843453 10
0.004084273525011121,0.011448527141146836 0.121742966380653 10
0.004775756523249251,0.011502720450139357 0.12493110600531013 10
0.00497366881217086,0.011648475591527378 0.08218605732809924 10
0.004611414308076321,0.011491797554442264 0.09499315492170612 10
0.005035107169253511,0.011610316832020703 0.11541188948567774 10
