0.03411840221201797,0.014674071220921577 8.488698212082621 140
0.03463806970509383,0.01439547764211672 7.688985022141868 140
0.03353227937491458,0.014278050552552678 7.6224971538856785 140
0.03427457691576345,0.014387315547817196 7.079817293892682 140
0.03288547664747281,0.014457805798999078 7.104006295649487 140
0.03246020804612107,0.014551904067564474 7.184500348658364 140
0.03542003231017771,0.01459308684962867 7.223056761428802 140
0.035885649772186605,0.014500481236527776 7.831925287105669 140
0.038482752768467056,0.014642225811515015 7.6445975005939495 140
0.035920726672171756,0.01453035245993697 8.310130976411962 140
0.03300088768210537,0.01469303850198818 7.59134342704845 140
0.034469232655062514,0.014612231065562043 7.821541686100354 140
0.033840003718681726,0.014536927603815855 7.585082732082046 140
0.0321801397636097,0.014432398225513295 7.156869149048733 140
0.03504534282566319,0.01464897704953656 7.5207686025465 140
0.027781818181818182,0.014043194460345462 8.028829503739253 140
0.03090095180146899,0.014281885189658358 7.697216094701962 140
0.030607271663904864,0.014348393835099513 7.682827145972397 140
0.03253229483282675,0.014533961298139338 8.05925530435308 140
0.026235135466470515,0.014149692500965263 8.987841411036436 140
0.028242048242974212,0.014088313575136081 7.890426520399458 140
0.03192275709137947,0.014030336050504168 7.611060014205256 140
0.030748379992376434,0.014084576460669542 7.590952607080434 140
0.03138392277390589,0.014330223904850647 7.173485371717625 140
0.0292838503914178,0.014412311215782053 7.820936791999721 140
0.03045007885478588,0.014456683727912402 7.070047451751388 140
0.030000434159683932,0.014439059633365534 7.230677885763849 140
0.03408425980105325,0.014502208006314745 7.810393761337335 140
0.037187460337606296,0.014429568525863674 7.288455097488596 140
0.0393569844789357,0.01442136517520167 8.116366598644708 140
