0.024588949785217005,0.012773461788639898 0.8499380250747884 9
0.022734584450402145,0.012945345306857994 0.8104510634539636 9
0.02446580709827327,0.013100017572042414 0.7370425722103984 9
0.022342650694048297,0.013123895112367603 0.897623344630785 9
0.02290467050543826,0.01327192634374014 0.7481671861232098 9
0.02235033629945273,0.013032850421822199 0.6832377699187379 9
0.023707592891760904,0.013107630775986085 0.6307909509463976 9
0.024031289060924964,0.013004956140212864 0.715221619718204 9
0.02087487801773516,0.01298677946650694 0.8895925923753256 9
0.02518579686209744,0.012882180258051695 1.1675193776637949 9
0.023445250900736254,0.012873380172930335 1.2210371089226153 9
0.023437116940426574,0.01305446658937969 1.1596810100620665 9
0.026820991958350766,0.013130855986582209 0.8304664552144144 9
0.025191959278750755,0.013142926394619388 1.9394535488374052 9
0.024663107042969742,0.013094092946244269 1.659585160720153 9
0.021333333333333333,0.013258777376499222 0.5253320736743025 9
0.021600243383024034,0.01316742224076656 0.7148438448720482 9
0.022468076810605322,0.013186936592439228 0.6991443660550477 9
0.02317629179331307,0.013063741967089863 0.6098329773795995 9
0.024334927056515875,0.013058972536356345 0.6151621977844195 9
0.02463076994305292,0.013440180635517014 0.8294455776023975 9
0.022914164279774555,0.013606844060984153 0.796260065633765 9
0.02320952098598111,0.01354963247928032 0.6249146482785374 9
0.02294272975195879,0.01342741805441708 0.5745229248738901 9
0.023982106614753758,0.013204007379002538 0.6685613673687404 9
0.021027942901047352,0.01336054343307088 0.6678719724539568 9
0.02331437502713498,0.013330125740520567 0.9080329840608916 9
0.023161692997854495,0.012920363432687902 0.8821016668235996 9
0.025510851630917628,0.012977122547519565 0.6816743112109072 9
0.022126755358462674,0.01297360582140621 0.9585281275922509 9
