0.003406902681084284,0.012706259170840612 0.08175475962207104 14
0.004772117962466488,0.012654184379008017 0.08504327171154641 14
0.004738256868194451,0.01250662190765759 0.09762343718817895 14
0.0037554668187868416,0.012487658696803862 0.07749881960014302 14
0.003668159522286202,0.012298292767632762 0.09169119061092412 14
0.003383882692066675,0.012448066891906502 0.08539336558899747 14
0.0026252019386106625,0.012286168263402564 0.08863859528860953 14
0.0037498487964194994,0.012435310624658575 0.09690774886273851 14
0.0031397174254317113,0.012512635160602038 0.10370758748087217 14
0.0030736764840811085,0.012684768362434885 0.08131357791628066 14
0.004333977337998016,0.012593867952396807 0.11644817105843219 14
0.003334150527089973,0.012452317101892483 0.08723783129206913 14
0.003811648770510854,0.012280740367190563 0.08991981529857403 14
0.0027607626606850144,0.01256147882482789 0.09558976103275833 14
0.0036020001695058904,0.012411008347328643 0.08654314324703447 14
0.003684848484848485,0.01253040478810241 0.10325362252118338 14
0.0029553652918423226,0.012614263503983007 0.0782926955534042 14
0.003801540111121942,0.012466687275927589 0.12486778838720883 14
0.00451177811550152,0.012706324681651846 0.09055511880115166 14
0.003739119774426873,0.012914951989028409 0.11362742571961072 14
0.0027316079448122597,0.012481893788481834 0.10474614962427344 14
0.003280051741661277,0.01224386486438659 0.1381836658628592 14
0.003345898098343992,0.01242714043812839 0.08104690882321498 14
0.0022509848058525606,0.012375468934539752 0.10631425769752709 14
0.0024851923953112705,0.012303484839720042 0.09602318252772804 14
0.0027093695660964858,0.01234552585912216 0.07464039807852196 14
0.0032996135978813007,0.012477686802527994 0.08317455720610208 14
0.003071971913399649,0.012632574438882112 0.1333702658061959 14
0.004061429115369971,0.01259024272583639 0.10222096196452761 14
0.0033721359940872137,0.012663827064168676 0.08994479871148961 14
