0.003357527279909149,0.013394849189549833 0.332455352108402 11
0.004075067024128686,0.013291591378159218 0.3065284729707368 11
0.002414688596291403,0.013223060579865347 0.336422195042755 11
0.0031850161627685874,0.013239688499910045 0.3408300882761623 11
0.00345489443378119,0.013283772252878575 0.43892231122260134 11
0.003509211680661737,0.013416891380364818 0.4410926898448948 11
0.004523424878836834,0.013541054469131916 0.48274391019949403 11
0.003951453570420547,0.01341137011016889 0.4927018701219074 11
0.004242861385718529,0.013624107795284477 0.47619800592714984 11
0.0037159372419488025,0.01330384119574727 0.21858539869199192 11
0.003132995666022662,0.013410713024117752 0.3751576327758462 11
0.0030889924000980632,0.013504159044383986 0.22799212423919846 11
0.0036257146841444706,0.013452128518804642 0.37618070676584153 11
0.004356828573893538,0.013195378291461687 0.4514952321149107 11
0.004322400203407069,0.013559434182182181 0.5266941364404033 11
0.004363636363636364,0.012984647597488996 0.3727292062560639 11
0.0035638228519275067,0.013277649016439443 0.34636863884429875 11
0.0032654254800662834,0.013304754610883497 0.2011091674636056 11
0.004749240121580547,0.013339849662443587 0.27691047250995515 11
0.003739119774426873,0.012849627759085148 0.27745901029062076 11
0.003750173619149035,0.013060132051528912 0.28022419626485473 11
0.003603437124641966,0.013066899685850153 0.36204099463364925 11
0.0038541357841683963,0.013156202220844902 0.3211205512092294 11
0.004069087918271937,0.013331871614074772 0.3320201178733071 11
0.004556186058070662,0.013361153691701782 0.4558659839270324 11
0.004973917263132355,0.013307982684611138 0.3544339217037342 11
0.004602092649676551,0.013241724293594498 0.4049612046977682 11
0.004388531304856641,0.013444393478646973 0.2648837691236596 11
0.0038498963489444517,0.013460019980991438 0.4021060090590073 11
0.004203621581670362,0.01338903434264017 0.30082571723122886 11
