0.007078787878787879,0.012467194523759509 0.08572194853752484 15
0.006041114346560042,0.012340874011911786 0.0361541366658658 15
0.005604834779218248,0.012283412791443252 0.05793541365301937 15
0.007741261398176292,0.012307546058937862 0.05635540753797069 15
0.00680397204854726,0.012515662777661432 0.04226716014984323 15
0.0062502893652483914,0.012378689602425103 0.02553363324463627 15
0.006375311835905017,0.012229680638688989 0.08264183462271406 15
0.005675320825039177,0.012146818142924468 0.0628693169108853 15
0.005973767369377949,0.012069630904832547 0.05760835701814952 15
0.005674522635960734,0.012241943549111038 0.0699237591287371 15
0.006187067815115856,0.01211102506807255 0.04228372092738497 15
0.006555811227369426,0.012175196421508458 0.0345295830448252 15
0.007655549054027697,0.0123349501999445 0.050680487108166625 15
0.005330625713923087,0.012176896442795923 0.07316188642895914 15
0.007206208425720621,0.012205103428299585 0.1255572938770327 15
0.006418802152767491,0.012359046536672013 0.18996413102304177 15
0.007828418230563003,0.012435531674015973 0.06338083423603535 15
0.0063784227071848375,0.012280702539390882 0.05191522603649783 15
0.005656969005514357,0.012244391093368457 0.07691945432949446 15
0.006696523779057368,0.012181475701634475 0.0439263273533812 15
0.0062664494297531015,0.012211951958766351 0.06151822182795454 15
0.0075121163166397414,0.012114483025743266 0.08177649455162073 15
0.005967501310431031,0.012036969599451705 0.048293249067375754 15
0.005770291484577199,0.012146977124306495 0.08495727337854508 15
0.005963849894485732,0.012365404525644197 0.17442444352027808 15
0.006213774737611613,0.012245425663807565 0.12774762486321137 15
0.0054915420446187795,0.012148906746035328 0.08963568165640715 15
0.005810440198949472,0.011997783476468595 0.1243827959685916 15
0.005866620653955656,0.012002045898305969 0.0964265716111413 15
0.006102212051868803,0.011986796526864685 0.04747416943160226 15
