9.696969696969697E-4,0.01331023235553767 0.02488465800771224 1
0.0016080664087965578,0.012976955044756553 0.05449502057655702 1
0.0014621308119699777,0.013142518497154872 0.01981310651555226 1
9.973404255319148E-4,0.01307283722279483 0.060564913786657314 1
0.001471129091577786,0.0132493651866252 0.024511790316480722 1
0.0013889531922774202,0.013503887937353617 0.02111595760813292 1
0.0015707290030490622,0.013532081439681643 0.02192233581368422 1
0.0016941256194146796,0.013442598273250872 0.02905237019310883 1
0.0013419332496428726,0.013384499880869438 0.037164549588967706 1
0.0011597564511452595,0.013317470180506673 0.016428893679873977 1
0.0018197258279752516,0.013187968877712786 0.04794356139543017 1
0.0020839664828724005,0.013268138938710622 0.013422009825767273 1
0.0013165593914569924,0.0129546367311793 0.13989301288221512 1
0.0016499555781190507,0.01320784712065821 0.26403988115297533 1
0.0014320029563932002,0.013003545236087051 0.013333333333333334 1
0.001728139041129709,0.012934074026204556 0.01816659385466725 1
0.0015013404825737265,0.013011733400520852 0.02762178777949108 1
0.0012301243792427901,0.013129754898567634 0.03143207889604479 1
0.0019965772960638907,0.013000274055709237 0.12499060329145545 1
0.001492855619535082,0.013337513018391027 0.016995243890215516 1
0.001462171533609057,0.012957645531261627 1.7660044150110377e-05 1
0.0015751211631663974,0.013168148981378008 0.020598615772642652 1
0.001088665779605661,0.013128688630031677 0.03502899904785356 1
0.001485001485001485,0.0129135185118312 0.08068389862197088 1
9.633911368015414E-4,0.013017300584301032 0.030244569109969463 1
0.0012531982664090648,0.0129762830239431 0.01875063490299566 1
0.0014709487619514587,0.013153755345504111 0.044609051923647655 1
0.0010226374750151072,0.013433529109107934 0.038946776935566384 1
0.001250970580622897,0.01326700429494673 0.00254270668091122 1
0.0013136706500550895,0.013189149778903795 0.055277081592871063 1
