0.009776329432676641,0.014240945667436139 0.34757942470656733 17
0.008579088471849867,0.014194413639094981 0.41814265934732286 17
0.007881908059592692,0.013881670794120875 0.40768408111508697 17
0.007701083856246435,0.013944217407366712 0.4358405822653455 17
0.008146726380891449,0.013864780325919205 0.41122637824770236 17
0.007728620963362159,0.013905541547403956 0.426588686104919 17
0.008966074313408724,0.013776557728946585 0.37393496887355676 17
0.008709326236845288,0.013994418307929345 0.4492869685855894 17
0.00882515168229454,0.014154287111563219 0.44001373754026707 17
0.009129277915405083,0.014194981168519707 0.3875706458530104 17
0.00856352148712861,0.014165977325476078 0.4032261626876415 17
0.008629566070115224,0.01387843965018982 0.406183303994209 17
0.007855715148979687,0.013757038247922886 0.3962516722809098 17
0.010223449227849193,0.013853024794251127 0.3841722016921011 17
0.007754894482583269,0.013867842870442322 0.4771203847979709 17
0.010472727272727272,0.01395264820788973 0.5458785916343998 17
0.008866095875526968,0.014017977661156766 0.4760343103385786 17
0.007213178672385223,0.013943434475248649 0.4785177133596005 17
0.007978723404255319,0.014117879447338841 0.41671315072795023 17
0.010052715459114871,0.014229453628105342 0.495792826804508 17
0.008333719153664522,0.013919867850469439 0.47184891331210077 17
0.008361822045643537,0.013749283790612469 0.479228394812662 17
0.007962390411248995,0.01368692178158382 0.4938248592802809 17
0.008311328513917146,0.013696819499004424 0.4570223372986382 17
0.008283974651037567,0.013772783097057985 0.40225235717321245 17
0.008775122326013992,0.01376976286596517 0.4903674760562194 17
0.008726609647028177,0.013894357074550792 0.5025217843443738 17
0.009215915740198947,0.014069965170300194 0.4574730561359585 17
0.008461310657020773,0.014146731555942557 0.43251657325949766 17
0.008176274944567628,0.014004960749558046 0.41739922700329446 17
