0.014157575757575758,0.01249558248218177 0.41926738214064496 29
0.014646442696336217,0.012725288558038794 0.4087802322277894 29
0.012671800370406472,0.012837961371761155 0.3715486915590388 29
0.013155395136778115,0.012911428697908345 0.39207847211377156 29
0.014956479097707491,0.012734819670387067 0.45236704914895753 29
0.013472845965090977,0.012470857945955623 0.479536194200004 29
0.010948905109489052,0.012476015061767024 0.389542973269044 29
0.014018889500656474,0.012479347929274303 0.42464766079182537 29
0.012899874464308904,0.012512301263297271 0.4303390234261838 29
0.01495257424512281,0.012522590410135225 0.38902899158983195 29
0.01257632738889563,0.012693251962663346 0.3753168366458557 29
0.014935093127252204,0.012721428414643209 0.39251094137408704 29
0.014969767895455432,0.01280260600487271 0.46865834184560656 29
0.013453483944663029,0.01306094836454875 0.42224152702262807 29
0.013719512195121951,0.012871303882275528 0.37266242586365295 29
0.012590727299659309,0.012944125382746982 0.4061990658854674 29
0.014477211796246649,0.012729654259485345 0.40259012000542105 29
0.013941409631418288,0.01281937556616976 0.37865920683770954 29
0.014974329720479178,0.012772391747048485 0.37662100708632207 29
0.013563659628918746,0.012545347011919495 0.379796928647802 29
0.013326649120608264,0.012956853580467631 0.37061753276083176 29
0.012600969305331179,0.012712613246210461 0.38263916462147246 29
0.013265594129268981,0.012745076401282819 0.39296701558397246 29
0.013322584751156179,0.012871355235012432 0.4150795471729722 29
0.013166345536287732,0.012999746732760928 0.38688588346736646 29
0.015403895357944754,0.012895625712535587 0.40690224923635854 29
0.014170139740132386,0.01281305514703125 0.3639576144664678 29
0.015571979733184586,0.012646324652610662 0.43725910891029346 29
0.015788111465792426,0.012785985493434255 0.35581003914229375 29
0.014662259513518095,0.012815549464710255 0.33939771962462345 29
