0.03456278082259418,0.01561865937241511 2.322452044393978 90
0.027828418230563003,0.015371182463881437 2.6159287387306107 90
0.027609458289671512,0.015179658673868671 2.594289255560151 90
0.030614185206312986,0.015226408575614574 2.4684661291050602 90
0.030283642567711665,0.015277699471956261 2.431415144771698 90
0.029953628274219827,0.015430188762613964 2.312033914597364 90
0.03202746365105008,0.015464862712970553 2.50634785721856 90
0.03145034474416354,0.015424735522306129 2.081261955658833 90
0.03186388900674615,0.015788611797558985 2.162619961637629 90
0.03298467749334801,0.015437389877914102 2.2157917323901337 90
0.03305310427653908,0.015470054935037917 2.211192996264414 90
0.03138024025496445,0.015510570828173864 2.043912893577007 90
0.030121321991354064,0.015444497050631879 1.9361154898334898 90
0.027909585022862567,0.015413677980988569 1.798968925389389 90
0.03284176625137723,0.0156837826293562 1.8841688250301794 90
0.024969696969696968,0.014639693144837969 2.7555200322272797 90
0.026033291320787518,0.01515334472058778 2.5743508406774622 90
0.02656204308412126,0.01521591283174601 2.6227466809805122 90
0.03125,0.015380986117892051 2.3957258886759303 90
0.025683462057128847,0.014638636359917226 2.947526922698807 90
0.022362146395666468,0.01476925494451882 3.001740224077525 90
0.02420770581169731,0.014853244427042854 2.8690866454373993 90
0.02477658718393969,0.014785728950345972 2.852064313445301 90
0.028310462750530282,0.014926546386137655 2.60026590302976 90
0.02646729901006503,0.015144976124010927 2.712865398241034 90
0.029439120061466293,0.015100968403278915 2.531770059704734 90
0.03125949724308601,0.014943748531136213 2.542600946023373 90
0.028037838892139653,0.0155063834512599 2.587204042879177 90
0.030376105258704572,0.015556716160916749 2.3220060003134546 90
0.033074648928307464,0.015539438470901707 1.9445796407432066 90
