0.006981818181818182,0.01291957360913694 0.1113324134117593 4
0.007171106958146812,0.012976651768954217 0.044809957280574374 4
0.007603080222243884,0.012999821051972487 0.1016106225661711 4
0.008738601823708206,0.01274199027625142 0.08710245813693503 4
0.008520289322054677,0.012911616142543169 0.09454560900489402 4
0.008611509792120005,0.012957367453612586 0.04435047465145515 4
0.007114478425575164,0.013081819169898503 0.05223868948017387 4
0.008512981237558765,0.013079926435524903 0.05017586251194011 4
0.008311328513917146,0.01307830020146614 0.02002776643428889 4
0.008366814397547943,0.012745872552431795 0.04988460379857472 4
0.006914958146305957,0.012865652181162729 0.09726177821905274 4
0.006686059132548951,0.01283699247421785 0.05937583749719732 4
0.00902086990442754,0.012823800896818172 0.09336435926400596 4
0.007276727165037865,0.012788730005722842 0.05646171562157501 4
0.007067627494456763,0.012749512111861809 0.04618373856910215 4
0.008690070606823681,0.01270868715969293 0.07238478102773206 4
0.008793565683646113,0.0127340471758484 0.13764352045269945 4
0.008519750330311176,0.012818896292449906 0.09924998617481497 4
0.007320783418900932,0.012950163376222554 0.049625331463852985 4
0.007720196203881424,0.01292246678283469 0.04431892642036567 4
0.008313489576805782,0.01284011214964157 0.09417574345447578 4
0.007310177705977383,0.012801984947426332 0.09277287589454512 4
0.008023870005241724,0.012899075722228735 0.0877482949641867 4
0.007891722177436463,0.012736919736411837 0.048439652104671126 4
0.009496284062758051,0.012818372368226964 0.05579543008780842 4
0.006788157276382435,0.01291052304926941 0.033789268110991276 4
0.0076489335621475855,0.01279839788153785 0.041179055207381784 4
0.006228791893273834,0.012738935594004953 0.013812954775808467 4
0.0060391683202484685,0.012757353837202907 0.015178316481560188 4
0.007161623866429359,0.012654412144470802 0.07297813573261544 4
