0.009260606060606061,0.013566082605699185 0.1203771649225897 5
0.009474553435612152,0.013699891521442163 0.0976423149460389 5
0.009260161809143191,0.0136895312445676 0.11106553483845957 5
0.009166033434650457,0.013475914423460932 0.09812862085699296 5
0.008520289322054677,0.013652456826186423 0.04785639276918099 5
0.008657808231862586,0.013781972157021346 0.06596655374809539 5
0.009239582370876836,0.01395553694484568 0.08048345500596307 5
0.009360044047266106,0.013960194320654833 0.04789468095700601 5
0.010822042335829618,0.013816196846927687 0.06268842970161825 5
0.008201134904527192,0.013625437808542473 0.07518089278090466 5
0.008370738808686159,0.013645757207014211 0.04690504138644357 5
0.007250466721660227,0.013655689084971744 0.07052294879444901 5
0.010386190754827385,0.013588978162447913 0.16649675060581573 5
0.007911325464314422,0.013452640252327496 0.06364927114939627 5
0.00946969696969697,0.013315595791717216 0.044248962242561564 5
0.007801313385671259,0.013326854592831094 0.042919544712343285 5
0.008203753351206435,0.01348796761684803 0.15952323412488975 5
0.008747551141282063,0.013605617192899006 0.11267140691042028 5
0.008223996957596501,0.013710139922571281 0.055704411672177774 5
0.008658562593303476,0.01365052448027887 0.05930631888026145 5
0.009232568826502903,0.013565693687437848 0.07810478843928054 5
0.00795638126009693,0.013480930068445786 0.08404066536957476 5
0.009475424378049272,0.013584658920445223 0.06989670079031918 5
0.009037294751580466,0.013514141139164996 0.026658585559750488 5
0.009542159831177172,0.013436299949254113 0.05515688418869536 5
0.009816719753537675,0.013462410421007775 0.010983634081811803 5
0.008825692571708753,0.013434768835803777 0.04121794668405655 5
0.00925022079672756,0.013383465946648937 0.055117913542329734 5
0.010007764644983177,0.013365360356489622 0.021832351185495976 5
0.007627765064836003,0.013381215940004429 0.027512303706497758 5
