0.007951515151515152,0.012761177025843588 0.04447404096197859 4
0.009344169672736755,0.012715715058628427 0.03570270737217726 4
0.006677064041329565,0.012698387878743549 0.0660217476430691 4
0.006031534954407295,0.012514746368293694 0.1623155650434658 4
0.0071104572759592985,0.012803834892875598 0.046119339111420854 4
0.00750034723829807,0.012931041312252575 0.05064749793376112 4
0.007899842927099695,0.012981594514733337 0.04934538717167437 4
0.008216509254161196,0.013154690433747465 0.02258862190658471 4
0.008311328513917146,0.012922960535678844 0.030369519405276095 4
0.008283974651037567,0.012667696031771746 0.019882826999285553 4
0.009219944195074608,0.01285278335627946 0.039523775400733985 4
0.007380714626839752,0.01271471903719853 0.035840697191856404 4
0.006924127169884923,0.012496444562174538 0.13568401648821435 4
0.007149807505182553,0.012704618426051703 0.12862334633027073 4
0.009331116038433111,0.012610815793009083 0.08984661645413662 4
0.008344442798597739,0.0124945768446643 0.04777785879592303 4
0.007935656836461125,0.012539439537937644 0.06559555480493688 4
0.008155269032757756,0.012774767423724916 0.03794147288960219 4
0.006560182544209926,0.01275095701875775 0.03083080671404046 4
0.006952441885263383,0.012799576363841493 0.014842334045343948 4
0.007352633997576973,0.012593391184669381 0.04565801223189841 4
0.006179321486268175,0.012795970464598854 0.022266560651780443 4
0.006814241361235434,0.01276394867855534 0.1186158915059855 4
0.007552293266578981,0.012562841556156461 0.14939728412700318 4
0.008349389852280027,0.012597213426361371 0.10601507173815179 4
0.007989138948357788,0.012605487896195228 0.18710627183224915 4
0.008286344692326551,0.012609343503360656 0.14639106167076837 4
0.007019011760330963,0.012836212168809554 0.04184715287941917 4
0.008239151065481839,0.012770385192211374 0.05274748641252774 4
0.008390541571319604,0.012752176372493073 0.02560841784539083 4
