0.005678171135140473,0.014516629175102871 1.5310149638086434 29
0.006380697050938338,0.0141685946866181 1.9689879954704759 29
0.0068340243291266116,0.013965299598125905 2.097078784408414 29
0.005752044114850732,0.014064408183955025 1.975284734986316 29
0.007464278097675411,0.014116565574983222 2.276564450171607 29
0.007728620963362159,0.014171746423580088 2.323898541087546 29
0.008239095315024232,0.01443366944557426 2.3467170378897593 29
0.008144832869642352,0.014219203474398978 1.621081835753162 29
0.007679579108150537,0.014463482120787387 2.1547388081902588 29
0.006055601431323975,0.014238359862346334 1.8610258409963103 29
0.007623622787321811,0.01429531295147408 1.9639412291124672 29
0.006962490806570238,0.014434975422558964 2.225773616748157 29
0.007111978803514154,0.014417917392095176 2.3534355758535725 29
0.006772495901992926,0.01424452361531292 2.2319782068145484 29
0.00830578862615476,0.014616165202138102 2.5273824507198985 29
0.007612121212121212,0.013604515404342894 1.8462283152120431 29
0.006606110652353427,0.013990218600617796 2.210427573067286 29
0.007261916366117556,0.014033564336271991 2.2034409208260333 29
0.007313829787234043,0.014305488762534815 1.7525975402426277 29
0.007171754321441706,0.013450901156654555 2.0292665079891217 29
0.006065095606278068,0.013660846508957932 2.2588941707008394 29
0.005358957775108565,0.013758559958591493 2.1625265405992047 29
0.005971792808436746,0.013749169456458174 2.3415101781490884 29
0.008744210207350332,0.013855359673897834 2.54973714506705 29
0.008118295158016816,0.014108645510431426 2.568221465598198 29
0.0076024101257632735,0.014147194134705977 1.8420685661737912 29
0.007510962532019277,0.013966623851718868 2.3592956988296248 29
0.007801833430856251,0.014318933100045115 1.608525250250497 29
0.006853661632186826,0.014333041053273784 2.3849329210051704 29
0.007344789356984479,0.014327548542570491 2.52896382920838 29
