0.005090909090909091,0.012807300573259591 0.15489144249390124 2
0.005910730583684645,0.012429591904927501 0.3031138797529232 2
0.006043474022809241,0.012573634037966849 0.18499977276599058 2
0.005936550151975684,0.01248763012779833 0.26065713099865007 2
0.005210248866004658,0.012684573054278907 0.23500800335562774 2
0.004629843974258067,0.012921852327480195 0.16053284088576672 2
0.0061905201884874805,0.012850421131354144 0.15351109125486417 2
0.005590614544068443,0.01283669368799612 0.20058618619084706 2
0.005973767369377949,0.0128057687343346 0.07155636536129487 2
0.00575736238247111,0.012811726043718837 0.16997457753317313 2
0.004650410449270088,0.012768381719297207 0.18568147932836643 2
0.006382147353796727,0.012689395232371245 0.19399705710025336 2
0.005168714647942266,0.012438903070873983 0.19285213801678358 2
0.006219063332910267,0.012481242997208236 0.17204498327451356 2
0.004988913525498891,0.012430499740306154 0.07305187729881268 2
0.005184417123389127,0.012337674004697239 0.1480622081786755 2
0.005898123324396783,0.012466922299630688 0.4069405576500289 2
0.004738256868194451,0.012557462714618193 0.19185514467754236 2
0.00489636813082335,0.012471752991802509 0.20901513580490297 2
0.004947750053316272,0.01274172772037439 0.15650160685077197 2
0.005013159543802482,0.012399480930068848 0.17149874475312668 2
0.005735056542810985,0.012484187733196258 0.15642410866887632 2
0.005523970807628725,0.012528367387015021 0.19184733889283936 2
0.004752004752004752,0.012378385369179293 0.07633404948763987 2
0.004541701073492981,0.012380847316529347 0.2116269068251783 2
0.005378309226672236,0.012299427595001964 0.15036355066878865 2
0.005197352292228488,0.012572666422763883 0.11378991754953527 2
0.005485055547808302,0.012694427602783755 0.15165031673680154 2
0.0057372099042360455,0.012549708679870332 0.2554498797679073 2
0.004661411984066446,0.012494690940568988 0.13837444812487074 2
