0.008242424242424242,0.013979200873608762 0.39921329916445697 37
0.007953409535399192,0.014278180222177939 0.3380109890489554 37
0.009406374890340189,0.014255142599793401 0.445390081525422 37
0.009498480243161094,0.014321942059217151 0.40831232855234784 37
0.010297903641044501,0.013879336218139006 0.39995154262839044 37
0.009352284828001297,0.014073967646819372 0.3452583494534069 37
0.007992238750808463,0.0142326396790694 0.26481526562463775 37
0.010503578840371014,0.014134350033021669 0.3810388935765115 37
0.011687805722695987,0.014243704542927399 0.2727845685800842 37
0.009733670214969143,0.014227826670210534 0.30158175603674114 37
0.010109587933195843,0.01425954445728433 0.31587060605417255 37
0.010072504667216603,0.01422237388351921 0.28505412847721195 37
0.009996099083284572,0.014432368304354593 0.4037870761389765 37
0.0098574269154292,0.014423780056914748 0.29693592800074015 37
0.009284922394678492,0.014472290578409699 0.2614286786793176 37
0.008986323013874488,0.014374423398827703 0.2365520973038604 37
0.010563002680965147,0.014336556767192723 0.2655567666674871 37
0.00897535195225295,0.01430425116099682 0.3477433784540747 37
0.009269823160296634,0.01437210376332365 0.3173439643042948 37
0.01019407123053956,0.014283505389119258 0.32178047413414346 37
0.009859213769478214,0.014388716894060549 0.2769009825009809 37
0.010420032310177706,0.014477369102561774 0.27906243009212855 37
0.009757671061650739,0.014470936802873185 0.24232777100709169 37
0.00963129534558106,0.014678296005401669 0.2682996682420872 37
0.009863290210111019,0.014405037360426452 0.2532700368259632 37
0.010495535481175917,0.01439930759905548 0.21298346175231211 37
0.011032115714635941,0.014396408240975631 0.2331150073607558 37
0.01045879235810905,0.014347369867509464 0.24396992935505593 37
0.009446984729531533,0.01424634800388812 0.2162678389251581 37
0.008814306297143826,0.01446942673699851 0.24641592271037127 37
