0.0029575757575757574,0.013389121664649251 0.028899640343877257 11
0.003085749054717719,0.013518630304663522 0.027808556686033402 11
0.0031192123988692854,0.013336127173827214 0.07280263305434823 11
0.0029920212765957447,0.013100277864491314 0.01859784671902398 11
0.003739119774426873,0.013400768728195763 0.041386014286838704 11
0.0040742626973471,0.01351152925943584 0.05013535706524856 11
0.004111614155040192,0.013638461560489302 0.05608774365316385 11
0.0056329676845538095,0.013700270217765258 0.05546971006080878 11
0.0049781394744816245,0.013546500226969928 0.017915046334803796 11
0.002816551381352773,0.013335276164062323 0.028618610988023326 11
0.004124711876743904,0.01351468431613022 0.20701724442653602 11
0.0031693656927017757,0.013377189595126024 0.025086629956314062 11
0.0026331187829139848,0.013158430614065965 0.04666010993145458 11
0.004611414308076321,0.013244342051531107 0.03950535233193299 11
0.003880266075388027,0.013260981724532226 0.048210906957941176 11
0.004048782896361033,0.013081360757511358 0.02745158661141251 11
0.0026273458445040215,0.013263202657065853 0.0887377247863948 11
0.0038270536243109024,0.013412014513543794 0.09373336854078328 11
0.003327628826773151,0.013334538840205768 0.045560275147388515 11
0.0034122414160801876,0.013372057170039286 0.02962384243870782 11
0.0030914483853448638,0.013235959740476626 0.04399702000525758 11
0.004079159935379645,0.013276765847288211 0.017007285695905414 11
0.0042740212088222245,0.013267811346606779 0.03257485956503058 11
0.0037761466332894905,0.013137241646979004 0.0657302520804146 11
0.0030736764840811085,0.013317334570875144 0.03679412313251725 11
0.0036029450159260614,0.013216164648763724 0.04170508847069322 11
0.0028928658985045356,0.013292350779957923 0.03402160191043295 11
0.0030679124250453213,0.013403612736205708 0.02918896119189336 11
0.003494090242429471,0.01340205046952847 0.02236807378965265 11
0.004661411984066446,0.013275451334530387 0.07891209301062549 11
