0.004412121212121212,0.012075613756382905 0.629147256333824 12
0.0039984353948454955,0.011963178077269451 0.705125696688105 12
0.003801540111121942,0.01185639077451345 0.6946867443698531 12
0.005746580547112462,0.011994297567835484 0.7672045756647 12
0.005394140002451882,0.012139974626989933 0.6317389457357009 12
0.004027964257604519,0.011890372151897973 0.5535451274353844 12
0.00397302041947704,0.01177855156476438 0.6019515096983078 12
0.0043623734699928,0.011739003885334968 0.6808314831777385 12
0.004069087918271937,0.011655983216294803 0.6191135123744397 12
0.004639025804581038,0.011742201940414249 0.6497887764624061 12
0.004326903635407821,0.011674693951172752 0.6149383900921163 12
0.004167932965744801,0.011803441861632525 0.7498011341033921 12
0.003754632338599571,0.012032552596169772 0.7338899202330931 12
0.004865253627786944,0.011786564172756222 0.7932067640723648 12
0.004988913525498891,0.011864950640228921 0.8331965685655924 12
0.0035550288846096876,0.012075446613516509 0.8895445006540211 12
0.004128686327077748,0.012136408384190688 0.7987570380531873 12
0.0037359332999225476,0.011970432937743965 0.7264564439058829 12
0.0037079292641186536,0.01182529282486228 0.7685238175937619 12
0.00345489443378119,0.011733718592209496 0.7535407972709807 12
0.003175001044408238,0.011826709573933777 0.6766994672219704 12
0.003715670436187399,0.0117591818353941 0.6163417835063962 12
0.004354663118422644,0.01168695028021447 0.7135504645674805 12
0.004455004455004455,0.011744084239856806 0.8611594765804347 12
0.004312322231397376,0.01194653581359733 0.8483537733336128 12
0.005012793065636259,0.011828306006838582 0.9244271039169527 12
0.00451090953665114,0.011726021521114923 0.8494232758967313 12
0.004090549900060429,0.011604633042780017 0.8417808038351596 12
0.004313691657320335,0.011717977918857377 0.8946727429269028 12
0.003517247224341046,0.011664008832133962 0.809824905169205 12
