0.006320051350417222,0.011797010661541877 0.2881197953871964 1
0.0069168900804289545,0.011873529968435482 0.22749441904319193 1
0.007107385302291676,0.011913945190360986 0.10638158856929446 1
0.00803384673892375,0.01186060722309499 0.16943166890184075 1
0.007677543186180422,0.01205459999046348 0.2529619331806262 1
0.00756151564523541,0.011805226213867993 0.33664926577334536 1
0.006865912762520194,0.011964187821883618 0.2505062283030216 1
0.007419055683238579,0.011955846777368476 0.23145893086542962 1
0.005770291484577199,0.011871357128030455 0.40825352194403486 1
0.006881365262868153,0.011801996839095242 0.21828281852095333 1
0.005221659443371104,0.011873966515088843 0.6460645372433924 1
0.006276048050992891,0.011977874474062029 0.3082698630378658 1
0.006740110630781388,0.012163151190968636 0.17030548126162756 1
0.006901906651712536,0.012082093117437473 0.21467846738273869 1
0.0062717179421984915,0.011960956887552984 0.19099159724254294 1
0.008484848484848486,0.012113421495788097 0.15181233983097098 1
0.00534573427789126,0.011891252517710539 0.28047249170222294 1
0.006920752509991227,0.011915061960680675 0.06408835289579576 1
0.006791413373860182,0.011809944241691744 0.26287689523438057 1
0.007294348412406522,0.011998476512244982 0.35653179017611664 1
0.007361451919070327,0.012093321485871597 0.0817935503757223 1
0.008038436662662848,0.012182582687062068 0.08947258182949895 1
0.006988268180085553,0.01217581587112342 0.10915862580164579 1
0.007012683433617592,0.012140341874146523 0.0995981019922253 1
0.007579836805699375,0.012050396593650042 0.13638658088952962 1
0.007238464960168224,0.01202490532617351 0.09861626510295832 1
0.008509529805062302,0.011998499520475483 0.044640063479894396 1
0.00682660425199922,0.011815975372783828 0.12848166137073425 1
0.006472902652620891,0.011968152483926459 0.19925789197071142 1
0.007344789356984479,0.011886669985958933 0.309044600343137 1
