0.021231422505307854,0.013447342507260237 0.2510410658458281 9
0.02514745308310992,0.01345431473405181 0.3207368388804855 9
0.02606041277506948,0.013755325995940362 0.3050375432527595 9
0.025955504848830576,0.013758057207732283 0.17936537060848134 9
0.026444870974621455,0.013734509567095031 0.24400860715954445 9
0.023520073526339974,0.013768457312321175 0.20200112389534622 9
0.022980613893376415,0.01378363589082436 0.11041211619558206 9
0.02185395750171364,0.013800346252672518 0.16602808661730306 9
0.02223259366116509,0.013693431783701948 0.08908739327666668 9
0.022341499220111936,0.013561836684386725 0.10669694403201578 9
0.0203644718291473,0.01356851305384002 0.3709385890689459 9
0.02162294680068644,0.013749410314760678 0.19522083459052145 9
0.022544507971923953,0.01386494785033562 0.08741380507246334 9
0.02618410835993443,0.013723504246088217 0.2400963141956441 9
0.023561318755826764,0.013785115601472412 0.3750688493472694 9
0.026424242424242423,0.013600605235800563 0.3152744252119105 9
0.025642140032161326,0.013927330663935186 0.1749932823353294 9
0.02622087922799493,0.013754608066324534 0.31872176844992023 9
0.024648556231003038,0.01367797714524822 0.18767027638725958 9
0.024396224101998282,0.013590283141539882 0.2898076488518232 9
0.026204916894300663,0.01392927297271043 0.1143737094712317 9
0.03247713203363208,0.01401627671576273 0.15903875757436436 9
0.03333192156198382,0.014013677769214075 0.1701040076762255 9
0.02800744556512705,0.013939749534779016 0.16314220940009466 9
0.0262187797705339,0.013852626733767432 0.15681071442575467 9
0.02915605159933681,0.01384204799749371 0.08621440736709088 9
0.02548517344679373,0.01392835279182818 0.41553328943463386 9
0.025063389896625706,0.013603851337588067 0.26200393650391274 9
0.02123788974912214,0.013677024677367781 0.11419816869754236 9
0.019355136733185514,0.013625171745736778 0.161709097436783 9
