0.04670912951167728,0.016610224774823414 14.65757224929562 188
0.04048257372654156,0.015840358965118054 12.929698292664034 188
0.037860494783361426,0.015671264803369743 12.908840346303625 188
0.0356531660011409,0.015815880438895803 13.46909060872266 188
0.03685220729366603,0.016117164315590866 14.087263929852169 188
0.03876843380540586,0.01589152756807075 13.824976882318648 188
0.039620355411954765,0.016545836433326924 13.942893771693685 188
0.040482238619410506,0.01586554326701332 13.476061618901634 188
0.0395010395010395,0.016339655286384074 12.959018063369886 188
0.0403706762088265,0.01588292798746878 13.032597380436684 188
0.04140775938593285,0.01637161810884967 13.485708003491403 188
0.039715616572689384,0.01664467833385533 14.283397037967353 188
0.042114070561985774,0.016460915797665246 14.028704601015715 188
0.04020360624622552,0.01630596012427601 13.377238349561198 188
0.04580896686159844,0.016703166516026692 13.355001668853017 188
0.033212121212121214,0.014800372860575896 12.782366622048094 188
0.03303055326176713,0.01566769451532031 12.946055044188325 188
0.037186860317769764,0.01576002345851794 13.41165727164301 188
0.04022606382978723,0.01621961587624659 15.051246907654821 188
0.03273262228760574,0.014659209021432877 12.981174413846613 188
0.03083476086855873,0.014912045002350154 13.509988227286948 188
0.03215374665065139,0.01502074718581987 13.789485995824622 188
0.033586040404896024,0.0146286167362466 14.034236558884867 188
0.03315873771698195,0.015222726972944562 14.36453601740871 188
0.03698794681688274,0.015747421394364088 13.483938748057689 188
0.03712240689069513,0.015894497391698206 13.6307751874803 188
0.03212781661094951,0.015581524652790852 13.599351058468233 188
0.03900916715428126,0.01630925604807189 12.842421692629312 188
0.03887972246901045,0.01605923067088898 13.781100907016848 188
0.03866407982261641,0.016302257292388805 13.942103451009814 188
