0.06201550387596899,0.013411693505916675 0.14235087974361232 17
0.06471849865951743,0.013737143377399017 0.29855425519627593 17
0.0609139368536152,0.0137024113077348 0.24014548869579935 17
0.06588705077010838,0.013652410686798448 0.198812143600021 17
0.06393687353380252,0.013469798967633125 0.3217947065452632 17
0.06663324560304132,0.013439623376232534 0.13903874060601487 17
0.06417609046849758,0.013366134488024366 0.19218429134282777 17
0.06052175315511471,0.013440007694721248 0.1962490052026562 17
0.05778777207348636,0.01364987253612085 0.2976718515911972 17
0.05830810166070282,0.013748482318599228 0.1437736869133756 17
0.060832332515273355,0.013634225489548358 0.20614499895026753 17
0.057219906839911745,0.013619934697373466 0.15565700738212251 17
0.060660995677032495,0.01347525084011829 0.1874956736550775 17
0.05810542662410491,0.013534803846530337 0.1482328095792015 17
0.05953894397830325,0.013337499800549064 0.06414989015490932 17
0.06967272727272728,0.013711622931111778 0.1647180458192457 17
0.06354035377460994,0.01367161269845356 0.1971992208911932 17
0.06501608343893167,0.013596158155988643 0.19470449937377782 17
0.05965045592705167,0.013639727721368572 0.2679010132691439 17
0.0688365820767439,0.013746824936414052 0.1510647534888246 17
0.0656511875549794,0.013822306176516481 0.2859901098764195 17
0.06814191998521667,0.013568465687593062 0.1308119542617756 17
0.065435602049892,0.013366427379602744 0.14118261840328516 17
0.06519198303103761,0.013313078575293935 0.1207166685347912 17
0.06838421074431512,0.01339687963887883 0.1246680000758014 17
0.0661571434348336,0.013353094747947297 0.15352291919792185 17
0.06447271306386489,0.013414953727645965 0.14246603009603928 17
0.06002535595865028,0.013786168671180318 0.27232037986987545 17
0.05931378770571562,0.013418891630862377 0.19100403631575427 17
0.060698447893569846,0.013427875750995969 0.13621748473061956 17
