0.00543030303030303,0.01387219015805733 0.6064323515229059 19
0.005389195532183059,0.014177254024898901 0.4831499941277187 19
0.00545862169802125,0.0140432849161183 0.5100849532909145 19
0.0056041033434650455,0.0142534133358203 0.4653647604480863 19
0.00570062522986392,0.014047658043132379 0.569978018199211 19
0.004861336172970971,0.013803455954453342 0.5769481328231105 19
0.0055437494225261015,0.013730378653962974 0.5198066920613521 19
0.004531786031934268,0.013763605957677862 0.518993523986729 19
0.005973767369377949,0.01392963790070685 0.6203268278253731 19
0.005218904030153668,0.01393475345025465 0.5815109128347742 19
0.004973917263132355,0.014046340035402144 0.5139388409041242 19
0.004992836365215126,0.014214264784845465 0.5092903255818148 19
0.005119953188999415,0.014295300738706409 0.4561320112366258 19
0.006092143673054956,0.014472542273128667 0.48732902055253985 19
0.0053584626755358465,0.014300215173312657 0.4003265299607522 19
0.0058756727398410116,0.01442099443509816 0.3483486239327496 19
0.004718498659517427,0.014214233865972781 0.4532259387423973 19
0.005512779625495467,0.014022199690415155 0.4610933960444745 19
0.005942194333523484,0.014154609982912849 0.43860600809206435 19
0.004222648752399232,0.014084926268794663 0.4618493692270433 19
0.005472699168651042,0.014272971642954949 0.45184577619491634 19
0.004765751211631664,0.014106064237682051 0.3999716644942933 19
0.004677230756824321,0.01427592776722543 0.42258652688307 19
0.004921719207433493,0.014517848928728483 0.4452994229446659 19
0.004358197999816497,0.014386760825937527 0.36409915177524627 19
0.005221659443371104,0.01434416359952285 0.3064468431400422 19
0.004903162539838196,0.014103059168471772 0.3121253326762716 19
0.004276483986426812,0.014041401842392406 0.34107996928208417 19
0.006297989819687689,0.014135084296289431 0.32422811794765155 19
0.005847953216374269,0.014203434989471126 0.26896103820516326 19
