0.005527272727272727,0.012487160585590913 1.0832260642625682 7
0.004737276717806076,0.012672292903277482 0.9230361551944761 7
0.0052636709230919195,0.012625347333288258 0.739633496464231 7
0.004416793313069909,0.012638510275446596 0.6754163266797267 7
0.00490376363859262,0.012222944651895329 0.8976080292585422 7
0.0055095143293671005,0.012562089531031806 0.9362220030295902 7
0.0049431765684191074,0.012665625039394583 0.9524612540683467 7
0.005505908263097709,0.012618877642785534 0.8536455087339856 7
0.005194580321198216,0.012665281786460572 0.9029416340313575 7
0.0063372406080437396,0.012743815770725647 0.8233414657500937 7
0.0042055885802094704,0.012724340667939349 0.7715379857872088 7
0.005513827985933226,0.012780381027870736 0.9123778331703991 7
0.005412521942656524,0.012510847444360993 0.7862031734576187 7
0.006599822312476203,0.012726364176080513 0.8315270446084048 7
0.005774205469327421,0.012528005066152764 0.6678317560333894 7
0.005776921937490742,0.012461582468189937 0.6175833967492447 7
0.004879356568364611,0.012268675421632584 0.7678956479844053 7
0.004647136543806096,0.012498362358847177 0.7382485280320179 7
0.00446853013880966,0.012477948042873258 0.6588714952508392 7
0.005118362124120281,0.012582373408470186 0.7425956007981154 7
0.004929606884739107,0.01265151590688647 1.0118465282773863 7
0.004967689822294023,0.012804513128938476 0.740703268317609 7
0.005523970807628725,0.012748076443577387 0.7075685771151591 7
0.004709576138147566,0.012640236750825578 0.8744203414346797 7
0.006284980273419579,0.012385991284141504 0.875069147277097 7
0.005691608793274502,0.012496899672512291 0.5635557889968646 7
0.004412846285854376,0.012775341312498188 0.489282494983996 7
0.004462418072793195,0.01277029960944044 0.5538305782339091 7
0.006168579069968079,0.012602588408534945 0.559344452872879 7
0.005339435545385202,0.012894174514956443 0.6854682586051792 7
