0.001728139041129709,0.01282288312823319 0.0081065342921822 7
0.002680965147453083,0.01279540554548197 0.0001571462245619549 7
0.002095767460932161,0.012956751688493234 0.0024908041712146884 7
0.0019490397413957027,0.012935744426589436 0.00203595874998544 7
0.0017061207080400938,0.012963658491877571 0.004291845493562232 7
0.0028825667376864267,0.012824877584321425 0.0003984500977326726 7
0.002261712439418417,0.012886924332411431 7.068391255637538e-05 7
0.0021370106044111123,0.012934907660839868 0.010004562073924604 7
0.0017395731681445967,0.012813810743781717 0.0 7
0.00224791265253693,0.012904103706641492 0.003236245954692557 7
0.0020364471829147305,0.012875074718919554 0.00013869625520110957 7
0.002402549644520716,0.012880663322579271 0.005411006077486055 7
0.0018128573420722353,0.012919016465511402 0.0 7
0.0028038995772582177,0.012885595569719133 0.015550069993006127 7
0.0019069412662090007,0.01288227605007926 0.0055248618784530384 7
0.0016,0.012977604539476453 9.349289454001496e-05 7
0.002173062714589943,0.012990854790147641 0.006802721088435374 7
0.0023881469928842968,0.012910835045492688 0.00011432491139819366 7
0.0025645896656534954,0.012727893450853314 0.012910956874884411 7
0.002513178864778718,0.012944572323879916 0.01694915254237288 7
0.0027316079448122597,0.013044222476053073 0.006339695807219313 7
0.0024022914164279776,0.013135183659626721 0.01134967994846709 7
0.0027529541315488544,0.013227583899035078 0.025973940635358995 7
0.0016449504350461018,0.013154447539782782 0.010451911260255622 7
0.002029573789504204,0.012890888210531467 6.935293709688605e-05 7
0.0024667394556997855,0.01303905812512116 0.006070920868544337 7
0.0028220379455563757,0.012883901224245979 0.004392297833974125 7
0.002730641700799688,0.012758051142291303 0.0069890762541096624 7
0.002453780090536024,0.01288015394398719 0.02247191011235955 7
0.00291019955654102,0.012871951447939074 2.263160277010818e-05 7
