0.02976969696969697,0.01329523480464563 0.15158245958838093 5
0.0305532617671346,0.013427602622303423 0.23523886905625555 5
0.03138707476362219,0.013288667517404354 0.1708048215209074 5
0.028780395136778117,0.013174101571234696 0.18617618816226508 5
0.031322790241510357,0.01326456748897803 0.09610255073660481 5
0.029306912357053568,0.013602700501521398 0.15127473835848282 5
0.030074840617204102,0.013833309281448287 0.08892321835714598 5
0.02858836982762272,0.013990091455431659 0.08779878021842429 5
0.028959785290680058,0.013695023327865506 0.10588270747517953 5
0.027378536221679163,0.01345808242832076 0.09911038923389505 5
0.02939868170973351,0.01354974695765652 0.14439800845954806 5
0.03173707289541093,0.013340433777073103 0.1429124206508229 5
0.027794031597425394,0.013199233118693263 0.17494520294122648 5
0.030249185598849263,0.013166990156916513 0.08521982504235873 5
0.028778640059127863,0.013071525190121797 0.10161825494646395 5
0.025230830000493754,0.013105178015810737 0.07318149259233322 5
0.02900804289544236,0.013144298798045314 0.21390710545266445 5
0.02993302656157456,0.013406475405661979 0.16812843080484224 5
0.02914052101159916,0.013380294326733034 0.13664257386566775 5
0.027511196417146513,0.013479919334101238 0.139486312613074 5
0.027739482809040397,0.013285083455440463 0.10807985939802904 5
0.02944264943457189,0.013291585412367326 0.1378192657744309 5
0.027579533083343412,0.013336944074035484 0.06798066865495384 5
0.02673002673002673,0.01319814422471602 0.07899616960853094 5
0.02839710065143591,0.013205689265675186 0.24930415222941096 5
0.029815675421649,0.013036549557541022 0.19588394321005945 5
0.02731061534689875,0.013263431640487593 0.20031419635446146 5
0.031329893552735556,0.013315050962871645 0.16296277032884487 5
0.03002329393494953,0.013357325161606946 0.1369096900342321 5
0.026188660055936945,0.013414774543176753 0.11991605647679655 5
