0.015800128376043054,0.016639217272714484 0.02832263968917815 3
0.02487935656836461,0.01661957273709639 0.05712721968037217 3
0.023190122556836303,0.016737332397990908 0.03650922227119605 3
0.027524244152880777,0.016553837289961012 0.0497429673058008 3
0.021369161868202174,0.01659532456479552 0.06199463343507976 3
0.02092994109537536,0.01675763585760867 0.02687989868706642 3
0.020234248788368336,0.016561499349934155 0.019728685969806908 3
0.019515342123301478,0.016602581953579502 0.027903034262205053 3
0.021893164750307607,0.01657769015078139 0.016081568679296665 3
0.02068997155702358,0.016687299393807753 0.015380277084926649 3
0.020991070962351834,0.016694731510477026 0.024744253165264792 3
0.022652610934052464,0.01643444465646401 0.030517329602389433 3
0.02277692557988193,0.01650259595750902 0.03917282148850216 3
0.021999827452333708,0.01651524640168687 0.012169018908981678 3
0.01949317738791423,0.016380835300462682 0.01012278919249567 3
0.02661818181818182,0.016666236721808277 0.030601705874679003 3
0.022686774740319007,0.016761700204372024 0.05178432862457648 3
0.02563602690320694,0.016466443741903102 0.021824441616088767 3
0.021941489361702128,0.016419149193865983 0.053472779774706894 3
0.025683462057128847,0.016761937353977338 0.027425009191578614 3
0.02606602157507292,0.016866599572540917 0.021398216865686652 3
0.024531091194678,0.016774313568544467 0.009456810673814695 3
0.01956715090423955,0.016697473467448393 0.04134630653340214 3
0.02099476213150946,0.01655091388574089 0.025132336022450893 3
0.020999875740380234,0.016820393985765 0.014833556762425945 3
0.021432326418375187,0.016571747038012234 0.03527596922246271 3
0.02010159336604003,0.01664660926485529 0.049543401814746924 3
0.023746830505168716,0.01653221044699485 0.06547711444175994 3
0.019884080043998817,0.016399978384838632 0.02739787918791652 3
0.02032520325203252,0.01645832160304983 0.026950740374098666 3
