0.009726954031501506,0.013006352223781955 0.1832637709685353 3
0.010723860589812333,0.012947950842756514 0.23538166479050712 3
0.009977675520524852,0.01322788070792943 0.190997737364498 3
0.00912721049629207,0.013266080882284382 0.14582684149052288 3
0.0109191725314566,0.013273727992276507 0.13398463188188206 3
0.010778293019175334,0.013273683170932986 0.15392177863909481 3
0.01029886914378029,0.013337689561542243 0.1392678591572196 3
0.01076569493165598,0.013308917163588369 0.14374635379670528 3
0.009801009801009801,0.013221368494494564 0.07866034378577692 3
0.008395265620699147,0.013092103844252153 0.1517304266509567 3
0.008354655109393766,0.013122081333993554 0.13878883184042756 3
0.010345672959058593,0.013278059095576946 0.13237756201948397 3
0.010737693487658625,0.013325729552515637 0.10672187437203902 3
0.011258735225606074,0.013309550079545873 0.10721675708447574 3
0.010890753453682515,0.013411617606415948 0.28261213914367184 3
0.009987878787878789,0.013213836969031723 0.17828756593036044 3
0.013429527576165848,0.013255585247862614 0.1790878026693697 3
0.010673554927380837,0.013338699064145398 0.11125791663857781 3
0.011018237082066869,0.01323866383620784 0.20989993509250873 3
0.009194556822361161,0.013031152844605156 0.2913026509443607 3
0.010139358303625168,0.013408211484400296 0.1577907695986842 3
0.010995103021343435,0.01358122425535059 0.08996099768274635 3
0.009360044047266106,0.013643451573401848 0.13199417543189698 3
0.008830786546036968,0.013548038717761147 0.11238355666787668 3
0.009609410595203578,0.013491731516069016 0.18702533870395777 3
0.010594848153989244,0.013430944692234083 0.1402411052251889 3
0.011722311466157253,0.013455235542317883 0.18642783896406515 3
0.009508484493856056,0.013205891536269665 0.2585108744200845 3
0.009222828616152642,0.013282026793537717 0.12395863728025315 3
0.009562084257206208,0.013064327176059078 0.19455422510709014 3
