0.01823030303030303,0.01348039556184911 3.979756228723681 85
0.02329523230040419,0.013846998497062049 3.931918259297049 85
0.021005945998635346,0.013943304026886254 3.194082437731861 85
0.022083966565349545,0.014078336339083538 3.099959024340703 85
0.01710187568959176,0.013730785000704761 3.5152149542907343 85
0.01842677901754711,0.013514730883903314 3.847663602803969 85
0.01834057100619052,0.013595702686723856 3.7696501746053395 85
0.019270678920841982,0.013543150734504203 4.42291942388841 85
0.02489069737240812,0.013559956573362165 4.19044329644788 85
0.02091703599386986,0.013796522600511923 4.181139367851278 85
0.023737312467143837,0.01376751849223563 4.263990365015683 85
0.025051013762861982,0.013855955406807185 4.420638952102349 85
0.023064170079968794,0.013997300287372186 3.270092276925409 85
0.02606083682362398,0.014128433349761195 4.024130320729011 85
0.02323540280857354,0.01408665487810897 2.997615782006289 85
0.019355157260652744,0.01431904832978876 2.4240558765386573 85
0.01967828418230563,0.013941076953223015 3.0587751134925685 85
0.020319832338603124,0.013856504293645067 3.3767106012416384 85
0.023293401787412054,0.013907411070231312 3.9967700251808544 85
0.02128385583280017,0.013882962602666195 3.7744643099339914 85
0.02318586289008648,0.014199913897631432 3.889048672541022 85
0.021082390953150242,0.013970811727534465 3.6042021101728228 85
0.023789363332123704,0.013915676173725394 4.114257108468841 85
0.02609359752216895,0.014219532457265479 3.7264934348084484 85
0.020322965409670612,0.014148991998964692 2.4972731580867147 85
0.020103388856978748,0.014236195781217372 2.5090779743506855 85
0.018828144152978673,0.01409139819572834 2.541203783161013 85
0.02180077162645842,0.01389729610701308 3.308297797691788 85
0.02087826762143042,0.014037877248277004 3.181488827823612 85
0.023179930502584965,0.01414569483329733 3.263398166226639 85
