0.010036363636363637,0.013208607474966093 0.07225426469668998 8
0.008735712112651572,0.013348634346711396 0.14535622704296164 8
0.009162686421678527,0.013327398525848145 0.07397873531620933 8
0.009071048632218845,0.013103250455820874 0.06225791486942136 8
0.008765477503984308,0.013324214300650667 0.09726102116740662 8
0.007870734756238715,0.013450438131217313 0.04552767257435921 8
0.00840801995749792,0.013570911562073093 0.07242849477981532 8
0.007750624708822159,0.013715076091015042 0.044561455155980714 8
0.009739838102246656,0.013530046339924285 0.06016149506202116 8
0.007496997059188999,0.013248139866721124 0.10242750078268933 8
0.009786081119333576,0.013245191178093935 0.08150875013706044 8
0.008639777710241827,0.013227197431515923 0.08499558945814448 8
0.009167154281256095,0.013159255761662592 0.11115719171376418 8
0.01116893006726742,0.01307593481181096 0.04848554087065465 8
0.011686991869918699,0.0129433755872263 0.07404884072635633 8
0.012738853503184714,0.01288658923735248 0.12499314442279287 8
0.00938337801608579,0.01307863489482367 0.07763905773816139 8
0.00792746822178687,0.013288740470883978 0.05071097177978121 8
0.011266400456360525,0.01316975863184773 0.13503115618826053 8
0.00981019407123054,0.013245888125391427 0.06283883554227793 8
0.008564147553995906,0.013231224577910707 0.06941487524353339 8
0.009571890145395799,0.01315192083847375 0.0421392002079582 8
0.010604411112455144,0.013195246304316923 0.06981903865394713 8
0.009758581187152615,0.013034021910361177 0.06574653129524698 8
0.012386457473162676,0.013084911357704506 0.07772737506928155 8
0.011696517153151271,0.013036250860451687 0.03152405343686236 8
0.011669526844814905,0.01304460770585149 0.1327970873019998 8
0.009668572491051922,0.013106201826593299 0.07011597862670793 8
0.007937192649469417,0.013158366039246694 0.08454554088050364 8
0.00813628273582507,0.013093587338285853 0.0892461379141965 8
