0.005135041722213993,0.012226189660032045 0.1275770020538063 1
0.0046648793565683645,0.01237638179338715 0.004424778761061947 1
0.005330538976718757,0.01238605408215772 0.015406361133321514 1
0.005276668568168853,0.012348811583545042 7.399890057661046e-05 1
0.004606525911708253,0.012526086114706878 0.06616047101281171 1
0.004177632953168735,0.012339114634993676 7.947135609958097e-05 1
0.005088852988691438,0.012365606322772992 0.00528676461173067 1
0.005080440304826418,0.01245101923392994 0.03335430139517005 1
0.005091433662862234,0.012253288692570991 0.054679074787422656 1
0.004449949536654739,0.01228074179281909 1.1586814205434217e-05 1
0.005326092632238526,0.012175173549699337 0.007415973505581543 1
0.004903162539838196,0.012408226581010887 3.908741852511213e-05 1
0.004694835680751174,0.012558068346273035 0.0036594513478242253 1
0.005650936071089638,0.012457559546529743 0.00014596549518514413 1
0.0038138825324180014,0.012373275434647514 0.2606137012892186 1
0.006351515151515151,0.012575317798830725 3.410059676044331e-05 1
0.00534573427789126,0.01231087502223394 0.03395513638624459 1
0.0045813432108392635,0.012449868044995885 0.035305888173651254 1
0.004559270516717325,0.012368513465302692 0.01620954934938459 1
0.005332842956969474,0.012444494601468886 0.0036605792326035226 1
0.0043983517755451645,0.012592901890132688 0.001394700139470014 1
0.005035572392127876,0.012644984762195454 0.00034629852938654733 1
0.004955317436787938,0.012624238495176573 0.0 1
0.006103631877407904,0.012582200255778535 0.01662164309550294 1
0.004183407198773971,0.012673828860342183 5.539277716003148e-05 1
0.004124711876743904,0.012586217134209526 0.05951883083117094 1
0.005166500238787826,0.012558765913370866 0.00029390539738609914 1
0.006046420908913595,0.012299758328603042 0.06852256994967033 1
0.004484494648221009,0.012388249344223145 0.017573149794442106 1
0.004665558019216556,0.01234519262993631 0.016357879274601212 1
