0.011553843874981484,0.01344663003546638 0.421980916120812 10
0.013726541554959785,0.013260057601238568 0.48722881183938965 10
0.013986969793612466,0.013527895239392204 0.6214852762311578 10
0.01383342840844267,0.013463679585701932 0.41730500661393694 10
0.01399018980592877,0.01375181015820126 0.5790646990193805 10
0.014371057358900447,0.013595646076602562 0.4097848749232762 10
0.014054927302100161,0.013686642481228327 0.3640617339874678 10
0.01467682754727632,0.013666895575756042 0.5934189110392947 10
0.01251644108786966,0.013496573442550168 0.2960840643487691 10
0.01302871823103037,0.013505697208172912 0.39169148329473513 10
0.01462064644143909,0.013439930710624591 0.31723694894904997 10
0.015297867124295171,0.013671327517926381 0.31977457796000164 10
0.015943847905917352,0.013683432057279439 0.3487802617187366 10
0.015917522215512035,0.013638324014212002 0.3426902399615342 10
0.016187812526485296,0.013829176599402205 0.39394150460553673 10
0.014254545454545454,0.013922660597151476 0.8062737226395278 10
0.013733756356208441,0.01362322502174182 0.41474136696175046 10
0.013597816551320792,0.013830255527402715 0.36732476380041407 10
0.013487841945288754,0.013740084719491135 0.81127010476556 10
0.01250459727841118,0.013606811072763991 0.5455453058805009 10
0.014537710079170332,0.014041701764200717 0.5992528441571882 10
0.014829529705257322,0.014009303932702746 0.7552793908822377 10
0.013468298674346704,0.013941834791609115 0.6854481826791196 10
0.01445824856066837,0.013945771805754697 0.4221775192397987 10
0.015366772977674688,0.013933118148020935 0.3944498947543833 10
0.01488131343766428,0.013847182097463103 0.3848369320426724 10
0.014544349411713628,0.013936195908355284 0.5391929244046012 10
0.012921786619855666,0.013494707966634302 0.5791992914899664 10
0.013157338071667302,0.013692274437918896 0.26585201728611807 10
0.012056541019955654,0.01360997523550438 0.24647062171052264 10
