0.0074556855774453165,0.012684216618317598 6.126437817013934 44
0.005844504021447722,0.012804359787557971 5.998764600339196 44
0.0061506218962139505,0.01268151237812817 5.967990813037212 44
0.006797870317550865,0.01264060685261451 6.40556599258729 44
0.007208359991469396,0.012584164396013989 5.940432004146311 44
0.00597401512303129,0.012637441475125554 6.209904790088366 44
0.007310177705977383,0.01258504273637649 6.239225007694206 44
0.006693278496834805,0.012542135094963856 6.780105948743312 44
0.007128007128007128,0.012591909954241951 6.819532150264751 44
0.007294247178640243,0.012657216114748663 7.606439031728291 44
0.005482742415539659,0.012667539697437332 6.547151906046746 44
0.007746996812944349,0.012544195412314567 7.2196003015303365 44
0.0064147259796402175,0.012486908816509162 7.695897079232364 44
0.006599948235700112,0.012515331153366551 7.729671136586041 44
0.005932706161539113,0.012499941111550247 7.298981645452338 44
0.007224242424242424,0.012729251959393997 5.2826760662419545 44
0.0071276457038550135,0.01266334207107605 6.136234533291296 44
0.006433375572667902,0.012638966370743819 6.411843639217394 44
0.006174012158054711,0.012712805807829868 4.959126085721358 44
0.008397695231089861,0.012759021315423969 4.711631443608921 44
0.006805870642159359,0.012682782598472471 4.986993110892589 44
0.00651390557146817,0.012614157258352958 5.71035354181747 44
0.006395324213290416,0.012565864933111081 5.401969627266786 44
0.007012683433617592,0.012534883716366338 5.64147713611386 44
0.005674522635960734,0.01261651344725694 5.749195323060409 44
0.005984876056451939,0.012565889747846563 6.428609835397753 44
0.0057743237962922765,0.012618029273190631 6.10991132307062 44
0.005119953188999415,0.012728100696718574 6.04003543560794 44
0.00579599780005923,0.01259283335597494 6.473066044946555 44
0.007483370288248337,0.012635587688894147 6.544248095069891 44
