2016,9,29,0.021385609267097348
2016,8,29,0.022861439073290264
2017,3,29,0.01924147917130764
2015,6,29,0.02077300066830029
2015,5,29,0.021803296948095345
2016,12,29,0.018099799509913122
2015,4,29,0.01910224994430831
2015,9,29,0.020132546224103366
2017,1,29,0.020605925595901093
2017,6,29,0.020411004678102026
2017,4,29,0.021413455112497214
2015,3,29,0.019993316997104032
2016,10,29,0.02144130095789708
2015,11,29,0.01801626197371352
2015,12,29,0.017375807529516597
2015,1,29,0.017013811539318333
2016,3,29,0.023808197816885722
2016,11,29,0.021274225885497884
2016,6,29,0.019798396079304968
2017,7,29,0.0226665181554912
2017,5,29,0.022805747382490534
2016,5,29,0.020884384049899753
2016,7,29,0.021107150813098687
2016,4,29,0.019575629316106038
2015,7,29,0.022053909556694142
2015,2,29,0.01339385163733571
2016,1,29,0.018322566273112052
2015,10,29,0.02174760525729561
2017,2,29,0.018322566273112052
2015,8,29,0.02177545110269548
2016,2,29,0.015537981733125417
2017,2,69,0.013772161217103245
2016,4,69,0.016747438807435126
2017,7,69,0.0185264707686645
2016,7,69,0.017943684436537637
2015,8,69,0.01895589227654745
2015,4,69,0.01788233850684007
2017,3,69,0.01490706091650819
2017,4,69,0.015428501318937488
2016,11,69,0.016287344334703392
2016,1,69,0.015520520213483836
2017,5,69,0.017268879209864425
2016,5,69,0.017790319612293725
2016,10,69,0.016962149561376604
2015,7,69,0.018066376295932766
2016,9,69,0.01769830071774738
2015,12,69,0.017851665541991288
2017,1,69,0.016900803631679038
2015,6,69,0.01895589227654745
2016,8,69,0.017974357401386417
2016,12,69,0.014968406846205755
2016,3,69,0.01729955217471321
2015,10,69,0.017974357401386417
2015,3,69,0.018158395190479112
2015,9,69,0.01923194896018649
2015,2,69,0.01101159438071284
2017,6,69,0.01677811177228391
2015,1,69,0.014477639408625238
2016,6,69,0.018741181522605975
2015,5,69,0.01892521931169867
2015,11,69,0.015673885037727747
2016,2,69,0.014140236795288632
2015,11,49,0.01131804836504628
2015,1,49,0.013267890360608709
2017,2,49,0.01084739684887604
2016,8,49,0.013783365830699926
2015,6,49,0.01297653466012237
2016,2,49,0.009076850668997513
2016,10,49,0.013716129899818463
2016,9,49,0.01414195746206773
2017,6,49,0.015060848517447724
2015,5,49,0.013895425715502365
2016,11,49,0.013536834084134561
2017,7,49,0.01537461619489455
2017,5,49,0.013805777807660414
2015,4,49,0.012819650821398956
2016,5,49,0.014343665254712118
2015,2,49,0.009704386023891167
2016,4,49,0.01143010824984872
2015,10,49,0.011474932203769694
2015,8,49,0.013402362222371636
2015,7,49,0.013693717922857975
2016,12,49,0.01190075976601896
2016,1,49,0.011026692664559941
2017,1,49,0.012035231627781886
2016,7,49,0.01566597189538089
2017,3,49,0.012147291512584325
2017,4,49,0.013088594544924809
2015,12,49,0.010802572894955065
2016,3,49,0.01190075976601896
2015,3,49,0.012752414890517493
2015,9,49,0.012326587328268227
2016,6,49,0.013223066406687734
2015,7,14,0.003822125645104963
2017,5,14,0.004151953746459198
2017,1,14,0.00391913391020915
2015,8,14,0.0044041752357300845
2016,10,14,0.003880330604167475
2017,2,14,0.0034340925846882155
2015,5,14,0.005044429785417717
2017,7,14,0.004054945481355011
2016,5,14,0.004016142175313337
2015,2,14,0.003666912420938264
2015,10,14,0.004559388459896783
2015,6,14,0.004384773582709247
2016,1,14,0.0036087074618757517
2015,9,14,0.004093748787396686
2016,7,14,0.0037639206860424507
2016,3,14,0.004093748787396686
2015,4,14,0.0037445190330216136
2017,3,14,0.0034534942377090526
2016,8,14,0.004054945481355011
2017,6,14,0.004113150440417524
2016,6,14,0.003880330604167475
2016,2,14,0.003414690931667378
2016,4,14,0.004016142175313337
2016,12,14,0.0036475107679174268
2015,1,14,0.0035505025028132395
2016,9,14,0.004113150440417524
2015,3,14,0.00428776531760506
2015,11,14,0.0034340925846882155
2016,11,14,0.004268363664584223
2015,12,14,0.004035543828334174
2017,4,14,0.00347289589072989
2017,4,21,0.00430441648413224
2015,3,21,0.004584585604401202
2017,5,21,0.006036371045794916
2016,9,21,0.005297743365085834
2015,8,21,0.005526972645305894
2017,1,21,0.005068514084865774
2016,7,21,0.005654322245428149
2016,10,21,0.005093984004890225
2015,9,21,0.005119453924914676
2016,2,21,0.00407518720391218
2016,4,21,0.004126127043961082
2016,6,21,0.004711935204523458
2016,11,21,0.004508175844327849
2016,1,21,0.004813814884621262
2017,2,21,0.004177066884009984
2016,8,21,0.005501502725281443
2015,10,21,0.005195863684988029
2015,1,21,0.005501502725281443
2015,6,21,0.004890224644694616
2017,6,21,0.004660995364474556
2016,3,21,0.004406296164230044
2015,11,21,0.0037695481636187663
2015,2,21,0.004177066884009984
2016,5,21,0.004864754724670165
2017,3,21,0.004482705924303398
2015,12,21,0.004278946564107789
2015,5,21,0.004788344964596811
2017,7,21,0.005093984004890225
2015,4,21,0.004610055524425653
2016,12,21,0.005043044164841322
2015,7,21,0.005093984004890225
2015,1,67,0.014730319673285452
2015,10,67,0.018673426277989017
2016,9,67,0.017546824390930856
2015,4,67,0.01940571750457682
2017,2,67,0.012448950851992676
2016,3,67,0.01780030981551894
2016,4,67,0.017068018588931137
2016,10,67,0.015518940994226165
2015,11,67,0.014814814814814815
2017,1,67,0.014871144909167723
2017,7,67,0.01988452330657654
2016,7,67,0.01780030981551894
2016,8,67,0.018786086466694833
2015,5,67,0.0224193775524574
2016,11,67,0.015180960428108717
2015,8,67,0.02115195042951697
2015,7,67,0.020278833967046894
2016,5,67,0.018053795240107025
2016,12,67,0.013265737220109843
2015,3,67,0.017518659343754402
2017,5,67,0.016927193353048868
2015,2,67,0.011744824672581327
2015,6,67,0.018673426277989017
2017,6,67,0.018081960287283483
2017,3,67,0.015180960428108717
2016,1,67,0.014561329390226729
2016,2,67,0.01281509646528658
2016,6,67,0.018476270947753837
2015,9,67,0.017546824390930856
2017,4,67,0.016730038022813688
2015,12,67,0.014871144909167723
2015,8,47,0.015432098765432098
2015,2,47,0.00823045267489712
2017,2,47,0.00823045267489712
2015,1,47,0.006858710562414266
2015,4,47,0.011659807956104253
2016,8,47,0.009259259259259259
2017,5,47,0.009945130315500686
2017,4,47,0.0075445816186556925
2017,3,47,0.0102880658436214
2016,3,47,0.009259259259259259
2015,10,47,0.012688614540466393
2016,7,47,0.013374485596707819
2016,10,47,0.013374485596707819
2016,12,47,0.012002743484224965
2016,11,47,0.010631001371742112
2017,7,47,0.01577503429355281
2015,11,47,0.0102880658436214
2015,5,47,0.013717421124828532
2015,3,47,0.0102880658436214
2016,4,47,0.01440329218106996
2017,6,47,0.010631001371742112
2016,5,47,0.012002743484224965
2016,1,47,0.009259259259259259
2015,7,47,0.009602194787379973
2015,12,47,0.00720164609053498
2015,6,47,0.010631001371742112
2016,9,47,0.012002743484224965
2016,6,47,0.012002743484224965
2016,2,47,0.009602194787379973
2017,1,47,0.00720164609053498
2015,9,47,0.01646090534979424
2017,7,7,0.006223095639154033
2015,5,7,0.0054120656310437335
2016,6,7,0.006659804105059579
2015,7,7,0.00559922640214611
2017,1,7,0.005692806787697299
2017,6,7,0.006020338137126459
2016,2,7,0.004086343502401896
2017,4,7,0.004772599663110612
2016,9,7,0.006597417181358787
2017,2,7,0.004741406201260216
2015,12,7,0.005224904859941357
2017,3,7,0.00544325909289413
2015,9,7,0.004975357165138187
2015,3,7,0.004741406201260216
2016,10,7,0.005817580635098883
2015,10,7,0.005614823133071308
2016,4,7,0.005022147357913781
2016,1,7,0.004757002932185414
2016,12,7,0.005256098321791753
2015,6,7,0.0048349865868114045
2015,4,7,0.0046166323538586315
2016,3,7,0.00471021273940982
2015,11,7,0.005240501590866554
2015,1,7,0.003945972924075114
2015,8,7,0.004850583317736602
2016,7,7,0.005755193711398091
2016,11,7,0.0056772100567721
2016,5,7,0.00600474140620126
2017,5,7,0.005770790442323289
2016,8,7,0.005801983904173685
2015,2,7,0.0035092644581695676
2015,12,5,0.0037028901371324568
2016,5,5,0.0031066620642043494
2016,6,5,0.004110835660714846
2015,7,5,0.003953933536260081
2017,3,5,0.003138042489095302
2016,10,5,0.004518781184297235
2016,3,5,0.0037970314118053157
2015,6,5,0.004330498634951517
2015,2,5,0.002918379514858631
2016,4,5,0.003922553111369128
2016,11,5,0.0036401292873505507
2017,5,5,0.0045815420340791415
2017,6,5,0.004330498634951517
2015,9,5,0.003608748862459598
2017,7,5,0.004267737785169611
2015,10,5,0.003891172686478175
2016,1,5,0.0032949446135500673
2015,8,5,0.003859792261587222
2017,1,5,0.002981140364640537
2016,9,5,0.0036401292873505507
2015,3,5,0.0032949446135500673
2015,11,5,0.0035146075877867384
2017,4,5,0.002886999089967678
2016,2,5,0.002761477390403866
2015,1,5,0.0035146075877867384
2016,12,5,0.0037342705620234096
2015,4,5,0.003765650986914363
2016,8,5,0.0036401292873505507
2017,2,5,0.003138042489095302
2016,7,5,0.0037028901371324568
2015,5,5,0.0033577054633319734
2017,2,18,0.0036496350364963502
2016,4,18,0.0033517056457619543
2016,6,18,0.005213764337851929
2017,6,18,0.004394458513332341
2016,1,18,0.0037985997318635482
2016,8,18,0.003947564427230746
2015,4,18,0.0035751526888127515
2015,7,18,0.004171011470281543
2017,1,18,0.0052882466855355284
2016,9,18,0.003947564427230746
2016,3,18,0.0038730820795471474
2015,6,18,0.0036496350364963502
2017,7,18,0.0037985997318635482
2015,5,18,0.0030537762550275583
2015,8,18,0.003947564427230746
2017,5,18,0.0034261879934455535
2016,7,18,0.004617905556383137
2015,12,18,0.0033517056457619543
2016,5,18,0.004841352599433934
2015,3,18,0.004394458513332341
2016,12,18,0.0036496350364963502
2015,10,18,0.0038730820795471474
2016,10,18,0.0046923879040667365
2017,3,18,0.0036496350364963502
2016,2,18,0.0035751526888127515
2015,1,18,0.0035751526888127515
2016,11,18,0.004394458513332341
2015,2,18,0.0026813645166095636
2017,4,18,0.0035006703411291523
2015,11,18,0.0037241173841799495
2015,9,18,0.0037241173841799495
2016,5,27,0.022463169154470754
2015,9,27,0.02416492439344581
2016,12,27,0.017260660281032722
2015,6,27,0.022803520202265764
2016,1,27,0.017649632907084163
2016,7,27,0.022900763358778626
2015,11,27,0.01881655078523849
2016,9,27,0.022220061263188602
2016,11,27,0.017309281859289153
2017,6,27,0.020421062867700686
2017,1,27,0.020858657072008558
2016,6,27,0.025185977536830845
2017,5,27,0.021150386541547137
2015,5,27,0.02397043808042009
2016,4,27,0.018184470267904897
2017,4,27,0.01891379394175135
2015,3,27,0.023338357563086498
2016,3,27,0.01891379394175135
2015,12,27,0.01910828025477707
2017,3,27,0.019788982350367093
2015,8,27,0.02363008703262508
2015,1,27,0.019788982350367093
2016,10,27,0.020810035493752127
2017,2,27,0.017309281859289153
2015,7,27,0.025818058054164438
2015,10,27,0.025040112802061556
2016,8,27,0.02406768123693295
2015,4,27,0.021344872854572858
2015,2,27,0.01653133660718627
2017,7,27,0.020566927602469975
2016,2,27,0.016920309233237712
2016,4,36,0.010814464346062858
2015,5,36,0.009124704291990537
2015,11,36,0.006759040216289287
2016,5,36,0.010307536329841162
2015,4,36,0.00844880027036161
2017,5,36,0.008955728286583305
2015,9,36,0.009631632308212235
2015,8,36,0.011997296383913484
2016,8,36,0.01013856032443393
2016,3,36,0.008955728286583305
2016,1,36,0.00844880027036161
2015,12,36,0.009462656302805001
2017,4,36,0.00844880027036161
2016,11,36,0.006928016221696519
2017,7,36,0.009969584319026698
2016,12,36,0.011321392362284556
2017,2,36,0.007603920243325448
2015,6,36,0.008110848259547145
2016,2,36,0.006928016221696519
2016,9,36,0.009124704291990537
2015,10,36,0.010814464346062858
2017,1,36,0.009124704291990537
2017,6,36,0.012335248394727948
2015,7,36,0.011997296383913484
2015,3,36,0.008110848259547145
2016,10,36,0.011490368367691788
2017,3,36,0.009124704291990537
2016,6,36,0.010814464346062858
2015,1,36,0.008110848259547145
2016,7,36,0.012673200405542413
2015,2,36,0.00388644812436634
2016,3,45,0.010407461953853706
2015,6,45,0.013254786450662739
2015,11,45,0.009818360333824251
2016,7,45,0.0124693176239568
2015,4,45,0.011978399607265587
2017,5,45,0.00814923907707413
2016,11,45,0.009621993127147767
2016,10,45,0.011291114383897889
2016,5,45,0.014629356897398135
2016,6,45,0.008640157093765342
2017,6,45,0.009720176730486009
2015,2,45,0.009327442317133039
2016,9,45,0.010603829160530192
2016,12,45,0.011291114383897889
2015,3,45,0.014825724104074619
2016,1,45,0.009131075110456554
2017,2,45,0.009621993127147767
2016,2,45,0.010309278350515464
2015,10,45,0.010309278350515464
2015,12,45,0.011192930780559647
2016,4,45,0.009131075110456554
2017,7,45,0.01207658321060383
2017,3,45,0.011389297987236131
2015,5,45,0.011782032400589101
2017,4,45,0.010603829160530192
2015,1,45,0.009916543937162493
2016,8,45,0.010702012763868434
2015,7,45,0.011291114383897889
2017,1,45,0.010800196367206676
2015,8,45,0.01207658321060383
2015,9,45,0.010211094747177222
2015,2,56,0.0037666966070755946
2015,4,56,0.003419001535653232
2015,9,56,0.0039695187320719725
2016,10,56,0.005157476892765045
2017,1,56,0.003911569553501579
2016,8,56,0.006461333410598904
2015,11,56,0.004693883464201895
2015,8,56,0.004259264624923942
2017,6,56,0.004606959696346304
2017,3,56,0.004867730999913077
2015,1,56,0.005244400660620636
2016,6,56,0.005794917857039376
2015,12,56,0.004491061339205517
2016,4,56,0.0046359342856315015
2017,7,56,0.00530234983919103
2016,2,56,0.003882594964216382
2015,7,56,0.004606959696346304
2017,5,56,0.005157476892765045
2016,11,56,0.004722858053487091
2017,2,56,0.004201315446353548
2015,3,56,0.005041578535624257
2015,5,56,0.00446208674992032
2015,10,56,0.004664908874916698
2016,5,56,0.005650044910613392
2017,4,56,0.003476950714223626
2016,7,56,0.005852867035609771
2015,6,56,0.00492568017848347
2016,3,56,0.005476197374902211
2016,1,56,0.0036797728392200042
2016,9,56,0.004838756410627879
2016,12,56,0.004722858053487091
2015,9,32,0.02253867431615613
2016,1,32,0.025031588293549158
2015,12,32,0.025031588293549158
2017,3,32,0.026704914113991052
2015,6,32,0.020899498002253866
2015,2,32,0.01355735409623331
2016,12,32,0.02663661510091179
2015,8,32,0.027661100297100706
2016,3,32,0.02376805655158283
2015,4,32,0.019943311819144213
2016,9,32,0.026875661646689204
2015,3,32,0.01956766724720828
2016,7,32,0.0313492470033808
2015,11,32,0.02247037530307687
2016,4,32,0.02253867431615613
2015,5,32,0.018782228596796777
2017,1,32,0.023358262473107263
2016,11,32,0.02527063483932657
2016,8,32,0.02639756855513438
2016,6,32,0.025577980398183247
2017,6,32,0.030905303418365605
2017,7,32,0.032305433186490456
2015,10,32,0.024177850630058395
2016,5,32,0.027387904244783663
2015,7,32,0.02632926954205512
2015,1,32,0.018133387972543796
2016,10,32,0.02602192398319844
2017,4,32,0.027695249803640336
2017,5,32,0.02912952907830482
2017,2,32,0.023392411979646893
2016,2,32,0.02103609602841239
2017,7,16,0.004947618958376281
2016,1,16,0.004591540321220413
2015,6,16,0.004703986206638055
2016,10,16,0.005509848385464495
2016,8,16,0.005734740156299781
2015,10,16,0.004835173072958639
2015,11,16,0.004685245225735115
2015,5,16,0.004778950130249818
2015,2,16,0.004366648550385127
2017,4,16,0.004422871493093949
2016,11,16,0.004685245225735115
2017,6,16,0.004722727187540996
2015,7,16,0.004797691111152758
2015,12,16,0.005135028767405686
2016,7,16,0.004310425607676306
2016,3,16,0.004272943645870425
2016,6,16,0.004216720703161604
2015,4,16,0.004085533836841021
2017,3,16,0.0041792387413557225
2017,1,16,0.0047602091493468765
2015,3,16,0.00489139601566746
2016,9,16,0.004835173072958639
2016,2,16,0.004629022283026293
2015,9,16,0.0050038419010851026
2017,2,16,0.004048051875035139
2016,12,16,0.004629022283026293
2016,4,16,0.004029310894132199
2015,8,16,0.004610281302123353
2016,5,16,0.00447909443580277
2017,5,16,0.005266215633726269
2015,1,16,0.004572799340317472
2016,3,41,0.004984229586075309
2015,8,41,0.005295743935205015
2016,9,41,0.006230286982594136
2015,2,41,0.002803629142167361
2016,10,41,0.008566644601066936
2016,4,41,0.004049686538686188
2017,4,41,0.005685136871617149
2017,7,41,0.006424983450800202
2016,5,41,0.004672715236945602
2015,1,41,0.004478018768739535
2015,5,41,0.004750593824228029
2015,11,41,0.004633775943304388
2016,7,41,0.007748919434601456
2015,3,41,0.004555897356021962
2017,2,41,0.004984229586075309
2015,7,41,0.006230286982594136
2015,4,41,0.004478018768739535
2015,9,41,0.006113469101670496
2016,12,41,0.005023168879716522
2016,6,41,0.005840894046182002
2016,11,41,0.006775437093571123
2017,1,41,0.005412561816128656
2017,6,41,0.006580740625365056
2015,10,41,0.005373622522487442
2016,8,41,0.007359526498189323
2015,12,41,0.004594836649663175
2017,3,41,0.005607258284334722
2015,6,41,0.005490440403411082
2016,2,41,0.0026478719676025077
2017,5,41,0.005023168879716522
2016,1,41,0.004594836649663175
2016,12,72,0.004093041828890885
2017,7,72,0.004043126684636119
2015,7,72,0.003394229809324149
2015,12,72,0.0031446540880503146
2016,7,72,0.0050414295697314565
2015,2,72,0.0030448237995407807
2015,5,72,0.006638714185883997
2016,6,72,0.0036937206748527502
2017,5,72,0.004043126684636119
2017,3,72,0.0029449935110312467
2015,4,72,0.004442447838674254
2016,3,72,0.0041928721174004195
2015,9,72,0.0036438055305979835
2015,1,72,0.0030448237995407807
2016,1,72,0.0026954177897574125
2015,3,72,0.0043925326944194865
2015,6,72,0.005740241589298193
2016,2,72,0.002445842068483578
2016,9,72,0.004442447838674254
2017,2,72,0.003444144953578916
2016,8,72,0.005291005291005291
2016,4,72,0.0034940600978336828
2015,10,72,0.0035439752420884495
2017,6,72,0.005490665868024359
2017,4,72,0.0032943995208146153
2016,11,72,0.0041928721174004195
2016,10,72,0.005440750723769591
2015,11,72,0.0031945692323050814
2016,5,72,0.003993211540381352
2015,8,72,0.005091344713986224
2017,1,72,0.003344314665069382
2016,4,9,0.0016983999284884241
2017,5,9,0.0013408420488066506
2016,9,9,0.001430231518727094
2015,7,9,0.0016090104585679806
2015,6,9,0.0023241262179315276
2015,1,9,0.0016983999284884241
2015,2,9,0.001251452578886207
2016,3,9,0.003128631447215518
2016,7,9,0.0027710735675337446
2016,8,9,0.002592294627692858
2016,1,9,0.0016983999284884241
2016,5,9,0.0015196209886475373
2017,7,9,0.003128631447215518
2015,5,9,0.0016983999284884241
2017,6,9,0.0017877893984088674
2015,4,9,0.001430231518727094
2016,6,9,0.0022347367480110843
2015,11,9,0.0020559578081701976
2016,2,9,0.003307410387056405
2015,12,9,0.001430231518727094
2015,10,9,0.0016983999284884241
2016,11,9,0.002592294627692858
2015,9,9,0.0022347367480110843
2015,3,9,0.0029498525073746312
2017,2,9,0.002860463037454188
2015,8,9,0.002592294627692858
2016,12,9,0.0022347367480110843
2017,4,9,0.0015196209886475373
2017,3,9,0.0017877893984088674
2016,10,9,0.0020559578081701976
2017,1,9,0.0016090104585679806
2017,7,50,0.013515358361774744
2015,12,50,0.010102389078498293
2016,2,50,0.013515358361774744
2015,4,50,0.014607508532423208
2015,3,50,0.011467576791808874
2017,2,50,0.012013651877133106
2016,5,50,0.017747440273037544
2016,12,50,0.009283276450511945
2017,3,50,0.011740614334470989
2016,11,50,0.013924914675767917
2016,1,50,0.011740614334470989
2016,4,50,0.011194539249146757
2015,11,50,0.01037542662116041
2015,7,50,0.012150170648464164
2015,9,50,0.012832764505119453
2016,8,50,0.014061433447098976
2015,1,50,0.014197952218430034
2016,10,50,0.018839590443686008
2016,7,50,0.012696245733788396
2015,10,50,0.009419795221843004
2017,4,50,0.015426621160409557
2016,9,50,0.01720136518771331
2015,5,50,0.012696245733788396
2015,2,50,0.010784982935153583
2016,6,50,0.013651877133105802
2017,1,50,0.010511945392491468
2016,3,50,0.010784982935153583
2017,5,50,0.015426621160409557
2015,8,50,0.01378839590443686
2015,6,50,0.01037542662116041
2017,6,50,0.012696245733788396
2017,6,3,0.005304992725595259
2016,3,3,0.005358220077357085
2016,12,3,0.004151733437422376
2015,10,3,0.005713069089102587
2015,12,3,0.005021113516198858
2017,7,3,0.006103403002022639
2016,6,3,0.006600191618466342
2015,1,3,0.004258188140946028
2017,1,3,0.004630779603278805
2015,6,3,0.005606614385578936
2016,10,3,0.005943720946737163
2017,2,3,0.004524324899755154
2016,1,3,0.004932401263262482
2015,9,3,0.006529221816117242
2016,7,3,0.005606614385578936
2017,3,3,0.004275930591533302
2015,11,3,0.005269507824420709
2016,9,3,0.005819523792626237
2016,4,3,0.0047194918562151805
2015,2,3,0.003690429722153224
2017,4,3,0.0051453106703097835
2016,8,3,0.005500159682055286
2015,7,3,0.005996948298498989
2016,11,3,0.004896916362087932
2016,5,3,0.00541144742911891
2015,5,3,0.005588871934991661
2015,3,3,0.004879173911500657
2015,8,3,0.0067421312231645434
2016,2,3,0.004258188140946028
2015,4,3,0.005517902132642561
2017,5,3,0.005358220077357085
2016,5,58,0.0055986598483512605
2015,7,58,0.0055986598483512605
2015,6,58,0.005113736554399576
2016,10,58,0.0047169811320754715
2015,10,58,0.004739023099982366
2017,1,58,0.00405572209486863
2015,4,58,0.005532533944630577
2016,9,58,0.0053561982013754185
2016,3,58,0.00484923293951684
2015,1,58,0.005179862458120261
2017,2,58,0.004077764062775525
2016,8,58,0.0055986598483512605
2015,9,58,0.005378240169282313
2016,11,58,0.004408393581378946
2016,12,58,0.004143889966496209
2017,7,58,0.004606771292540998
2017,6,58,0.0034385469934755776
2016,2,58,0.004496561453006524
2017,3,58,0.0035267148651031564
2015,11,58,0.0044745194850996295
2015,12,58,0.004650855228354787
2015,2,58,0.00405572209486863
2016,6,58,0.004606771292540998
2015,8,58,0.005510491976723682
2016,4,58,0.005334156233468524
2017,4,58,0.0036810086404514197
2015,3,58,0.005400282137189208
2016,1,58,0.004937400811144419
2017,5,58,0.0035928407688238405
2016,7,58,0.003967554223241051
2015,5,58,0.005069652618585788
2017,3,34,0.004704652378463147
2015,9,34,0.007915764319318945
2016,11,34,0.006795608991113434
2016,12,34,0.005078037487864984
2017,5,34,0.007542379209917108
2017,1,34,0.00604883877230976
2016,6,34,0.006272869837950863
2017,7,34,0.007094317078634904
2016,4,34,0.0050033604659846164
2016,8,34,0.007318348144276007
2015,6,34,0.007019640056754537
2015,11,34,0.0050033604659846164
2015,3,34,0.00604883877230976
2016,7,34,0.00836382645060115
2016,10,34,0.006795608991113434
2017,6,34,0.007617056231797476
2015,1,34,0.006720931969233067
2016,2,34,0.0056754536629079234
2015,8,34,0.009185273691285191
2015,7,34,0.008214472406840416
2016,1,34,0.006720931969233067
2015,10,34,0.006123515794190128
2016,9,34,0.007467702188036741
2017,2,34,0.004480621312822045
2015,2,34,0.004555298334702412
2015,5,34,0.006795608991113434
2015,12,34,0.007467702188036741
2017,4,34,0.005824807706668658
2016,5,34,0.00604883877230976
2015,4,34,0.005824807706668658
2016,3,34,0.0039578821596594725
2016,10,52,0.004600295113271417
2017,3,52,0.004339901050256054
2016,5,52,0.0046870931342765385
2015,6,52,0.006119260480861036
2017,1,52,0.0042097040187483725
2016,2,52,0.003775713913722767
2015,9,52,0.0051644822498047045
2015,10,52,0.005338078291814947
2016,7,52,0.005468275323322628
2015,4,52,0.004730492144779099
2015,2,52,0.003775713913722767
2016,1,52,0.005381477302317507
2015,7,52,0.004383300060758615
2017,4,52,0.004383300060758615
2015,12,52,0.004166305008245812
2016,11,52,0.004383300060758615
2016,4,52,0.00481729016578422
2015,3,52,0.004122905997743251
2016,8,52,0.005468275323322628
2015,11,52,0.004079506987240691
2015,1,52,0.0056852703758354306
2017,7,52,0.004383300060758615
2015,8,52,0.004426699071261175
2016,3,52,0.005077684228799583
2016,12,52,0.004513497092266296
2016,9,52,0.005207881260307265
2015,5,52,0.005077684228799583
2017,6,52,0.003905910945230449
2017,5,52,0.0056852703758354306
2017,2,52,0.004426699071261175
2016,6,52,0.004339901050256054
2016,12,54,0.013421783400185128
2015,8,54,0.015890157358839863
2016,10,54,0.015427337241592102
2015,12,54,0.01373033014501697
2015,10,54,0.014038876889848811
2015,9,54,0.01573588398642394
2016,8,54,0.019284171551990126
2015,1,54,0.015427337241592102
2016,11,54,0.017432891082999075
2017,6,54,0.020826905276149336
2015,11,54,0.011724776303609998
2017,4,54,0.01959271829682197
2017,5,54,0.01804998457266276
2016,6,54,0.020518358531317494
2016,5,54,0.01573588398642394
2016,4,54,0.01527306386917618
2017,7,54,0.01990126504165381
2017,3,54,0.016044430731255787
2016,2,54,0.014347423634680653
2017,1,54,0.016044430731255787
2015,7,54,0.017741437827830917
2016,3,54,0.01511879049676026
2015,3,54,0.016044430731255787
2017,2,54,0.01527306386917618
2015,5,54,0.015890157358839863
2015,2,54,0.011724776303609998
2016,7,54,0.020672631903733415
2015,4,54,0.016044430731255787
2016,9,54,0.01820425794507868
2015,6,54,0.018975624807158285
2016,1,54,0.01064486269669855
2016,7,61,0.011289632016585168
2016,12,61,0.008044707844153502
2016,2,61,0.006467314149221443
2015,7,61,0.010546003560402912
2015,8,61,0.01061360614732857
2017,3,61,0.008495391756991235
2016,8,61,0.009577033147801789
2015,1,61,0.008450323365707462
2016,11,61,0.008878473082903305
2015,6,61,0.009869977691146314
2016,6,61,0.009712238321653108
2016,4,61,0.009126349234964058
2016,3,61,0.008968609865470852
2015,3,61,0.008878473082903305
2015,4,61,0.009396759582666697
2015,5,61,0.010005182864997634
2016,10,61,0.00964463573472745
2015,11,61,0.008360186583139915
2017,2,61,0.007751763300808978
2017,5,61,0.009396759582666697
2015,12,61,0.008405254974423688
2017,4,61,0.007684160713883318
2015,2,61,0.006895463866417288
2016,1,61,0.008923541474187079
2015,10,61,0.010861482299389323
2017,6,61,0.009915046082430087
2016,5,61,0.009351691191382924
2015,9,61,0.010005182864997634
2017,1,61,0.00865313112648444
2017,7,61,0.01016292223449084
2016,9,61,0.01095161908195687
2016,7,30,0.005524165069115124
2015,5,30,0.004994450610432853
2016,5,30,0.004918777116335385
2015,7,30,0.00490616486731914
2015,6,30,0.004679144385026738
2017,7,30,0.0053475935828877
2016,1,30,0.004817879124205429
2015,1,30,0.0037962869538896177
2016,8,30,0.005196246594692765
2017,2,30,0.003745837957824639
2015,4,30,0.00520885884370901
2016,11,30,0.004414287155685602
2016,9,30,0.005284532337806478
2015,8,30,0.005536777318131369
2015,11,30,0.004553021894864292
2016,3,30,0.004893552618302896
2017,1,30,0.00446473615175058
2015,10,30,0.00446473615175058
2016,6,30,0.005725961053375038
2017,3,30,0.004187266673393199
2017,5,30,0.0057007365553425485
2015,9,30,0.005183634345676521
2017,6,30,0.005498940571082635
2017,4,30,0.00462869538896176
2015,3,30,0.00490616486731914
2015,2,30,0.003127837756028655
2015,12,30,0.0046413076379780045
2016,10,30,0.00520885884370901
2016,2,30,0.004540409645848047
2016,12,30,0.004010695187165776
2016,4,30,0.004540409645848047
2015,5,25,0.015683050124855352
2016,5,25,0.015216111415636356
2015,12,25,0.012749456929979495
2015,9,25,0.015073999634569705
2016,11,25,0.013338205737255618
2015,8,25,0.01660677670178858
2015,2,25,0.011399395009846316
2017,6,25,0.014261932314188847
2017,5,25,0.013673183506912724
2016,4,25,0.014069066325598392
2016,7,25,0.016129687151064824
2017,7,25,0.014241630631179324
2017,2,25,0.011825730353046267
2015,6,25,0.01528716730616968
2017,4,25,0.013246848163712771
2015,4,25,0.014972491219522098
2016,6,25,0.016190592200093386
2015,7,25,0.01675903932435999
2015,1,25,0.01458675924234119
2016,12,25,0.012749456929979495
2016,9,25,0.013825446129484133
2016,10,25,0.014231479789674564
2016,2,25,0.012252065696246218
2016,1,25,0.012495685892360477
2016,8,25,0.015236413098645877
2016,3,25,0.013571675091865116
2017,3,25,0.01184603203605579
2015,3,25,0.014393893253750735
2015,10,25,0.014840530279960209
2017,1,25,0.012901719552550907
2015,11,25,0.013541222567350833
2015,12,12,0.0018910741301059002
2017,6,12,0.002593473092716663
2015,8,12,0.0021071968878322886
2016,7,12,0.0027015344715798574
2016,6,12,0.0031337799870326346
2017,7,12,0.00264750378214826
2017,3,12,0.001837043440674303
2015,3,12,0.0016209206829479145
2015,1,12,0.0018910741301059002
2016,4,12,0.002485411713853469
2015,4,12,0.0022692889561270802
2015,7,12,0.002215258266695483
2016,2,12,0.0020531661984006916
2016,9,12,0.0019991355089690943
2016,12,12,0.002323319645558677
2017,5,12,0.003349902744759023
2016,3,12,0.002593473092716663
2015,2,12,0.0015128593040847202
2015,10,12,0.0021071968878322886
2015,6,12,0.002215258266695483
2016,5,12,0.002323319645558677
2016,11,12,0.0031337799870326346
2016,10,12,0.002485411713853469
2016,1,12,0.002323319645558677
2015,11,12,0.0019451048195374973
2017,4,12,0.0020531661984006916
2015,5,12,0.0018910741301059002
2017,2,12,0.0012967365463583316
2015,9,12,0.002485411713853469
2016,8,12,0.003349902744759023
2017,1,12,0.0025394424032850658
2017,7,76,0.012543116964565695
2017,3,76,0.012386328002508624
2015,1,76,0.011680777673251803
2017,4,76,0.010818438381937912
2016,2,76,0.00854499843211038
2015,8,76,0.011602383192223268
2016,9,76,0.01317027281279398
2016,8,76,0.013013483850736907
2016,5,76,0.013248667293822515
2016,10,76,0.010740043900909376
2016,1,76,0.008231420507996237
2016,7,76,0.014189401066164942
2015,10,76,0.012856694888679836
2015,5,76,0.011837566635308874
2017,6,76,0.010975227343994982
2015,11,76,0.010348071495766699
2016,6,76,0.011210410787080589
2017,5,76,0.011994355597365945
2015,9,76,0.010426465976795234
2016,4,76,0.011210410787080589
2015,4,76,0.011053621825023518
2015,6,76,0.012699905926622766
2015,2,76,0.010740043900909376
2017,1,76,0.01246472248353716
2015,7,76,0.010740043900909376
2016,12,76,0.011837566635308874
2015,12,76,0.010191282533709626
2017,2,76,0.008231420507996237
2016,11,76,0.012699905926622766
2015,3,76,0.011523988711194732
2016,3,76,0.010583254938852305
2015,12,38,0.011765242373113228
2016,12,38,0.010762004651374892
2016,5,38,0.012677276665602626
2015,4,38,0.01130922522686853
2015,6,38,0.012358064663231338
2017,1,38,0.010169182361256784
2016,4,38,0.01108121665374618
2016,2,38,0.008846732637147157
2016,7,38,0.014546946965205892
2017,4,38,0.012358064663231338
2016,1,38,0.010990013224497242
2015,2,38,0.008937936066396096
2017,6,38,0.013087692097222856
2015,11,38,0.012677276665602626
2016,11,38,0.01153723379999088
2015,9,38,0.013908522960463313
2016,8,38,0.01573259154544211
2017,2,38,0.010990013224497242
2016,9,38,0.014318938392083543
2016,3,38,0.012084454375484518
2016,10,38,0.013361302384969674
2015,8,38,0.013178895526471794
2015,7,38,0.012130056090108988
2015,1,38,0.010169182361256784
2017,7,38,0.01482055725295271
2017,5,38,0.012768480094851566
2015,3,38,0.010670801222125952
2016,6,38,0.013817319531214374
2015,10,38,0.013224497241096264
2017,3,38,0.012540471521729216
2015,5,38,0.012859683524100506
2016,10,70,0.006426328473016723
2016,1,70,0.004576324821693727
2015,7,70,0.0044059297485455565
2017,5,70,0.004478956208466201
2015,1,70,0.005038825734524476
2015,2,70,0.003480927922884058
2015,9,70,0.004844088508069424
2016,4,70,0.0057690903337309215
2016,7,70,0.0057690903337309215
2017,7,70,0.004503298361773082
2015,5,70,0.00445461405515932
2015,11,70,0.004576324821693727
2017,6,70,0.004673693434921253
2015,8,70,0.005890801100265329
2016,12,70,0.0062802755531754335
2015,3,70,0.00413816606216986
2016,9,70,0.0055986952605827514
2015,4,70,0.004430271901852438
2016,6,70,0.004990141427910713
2016,2,70,0.004259876828704267
2016,8,70,0.006401986319709841
2017,4,70,0.005063167887831357
2015,6,70,0.005476984494048344
2016,5,70,0.0055986952605827514
2015,10,70,0.0048927728146831865
2016,3,70,0.004235534675397386
2017,2,70,0.005452642340741462
2017,3,70,0.005793432487037804
2017,1,70,0.006572381392858012
2015,12,70,0.004649351281614372
2016,11,70,0.006158564786641027
2016,6,43,0.014381849644299173
2015,7,43,0.016150740242261104
2017,2,43,0.011536243030186502
2017,3,43,0.012593731974620265
2016,12,43,0.011574697173620458
2017,4,43,0.01286291097865795
2016,4,43,0.012266871755431648
2015,9,43,0.014535666218034994
2016,1,43,0.01186310324937512
2015,1,43,0.015573928090751778
2015,6,43,0.015285522014997116
2015,8,43,0.016439146318015765
2016,9,43,0.01332436069986541
2015,11,43,0.01363199384733705
2015,10,43,0.013035954624110748
2017,7,43,0.015650836377619687
2016,10,43,0.013401268986733321
2016,2,43,0.010421072870601808
2017,5,43,0.014035762353393579
2015,4,43,0.014401076716016151
2016,5,43,0.015054797154393385
2017,6,43,0.015516246875600846
2015,3,43,0.015362430301865026
2016,3,43,0.012593731974620265
2015,5,43,0.015208613728129206
2017,1,43,0.013055181695827726
2015,12,43,0.01332436069986541
2016,11,43,0.013035954624110748
2016,7,43,0.014401076716016151
2015,2,43,0.01124783695443184
2016,8,43,0.01463180157661988
2016,1,1,0.005582731719735957
2016,7,1,0.005673655689112764
2015,7,1,0.006564710589005473
2017,6,1,0.006291938680875052
2016,5,1,0.005782764452364932
2017,3,1,0.005255405429979451
2015,9,1,0.006255569093124329
2015,8,1,0.0056554708952374026
2015,4,1,0.004309796148460657
2017,2,1,0.00536451419323162
2015,5,1,0.006019166772744631
2015,11,1,0.0047280464075939695
2016,2,1,0.004909894346347584
2016,8,1,0.005982797184993908
2016,12,1,0.004637122438217163
2015,12,1,0.005037187903475114
2017,1,1,0.005219035842228728
2017,5,1,0.006655634558382281
2015,3,1,0.005291775017730174
2015,1,1,0.005309959811605536
2016,10,1,0.005782764452364932
2016,4,1,0.005728210070738848
2017,7,1,0.007401211107272099
2015,6,1,0.005419068574857704
2015,2,1,0.004437089705588187
2016,11,1,0.005400883780982343
2016,6,1,0.0058009492462402935
2016,3,1,0.005564546925860596
2016,9,1,0.005710025276863487
2015,10,1,0.0061282755359968
2017,4,1,0.006091905948246077
2016,4,74,0.002147383857958414
2016,9,74,0.002147383857958414
2015,6,74,0.0019902582098151153
2017,6,74,0.0023568847221494787
2017,4,74,0.0020426334258628817
2017,5,74,0.003404389043104803
2017,2,74,0.0020426334258628817
2016,12,74,0.0018331325616718168
2015,4,74,0.002723511234483842
2016,1,74,0.002933012098674907
2015,7,74,0.002566385586340544
2016,3,74,0.002409259938197245
2016,7,74,0.002933012098674907
2016,10,74,0.0030377625307704396
2015,1,74,0.0017283821295762845
2016,2,74,0.00261876080238831
2015,11,74,0.002566385586340544
2016,5,74,0.0020950086419106477
2017,7,74,0.003456764259152569
2015,12,74,0.0028282616665793745
2015,2,74,0.002147383857958414
2015,10,74,0.00261876080238831
2017,3,74,0.002566385586340544
2015,9,74,0.003404389043104803
2015,3,74,0.0030901377468182055
2016,11,74,0.0032996386110092702
2016,6,74,0.0036138899072958677
2015,8,74,0.003194888178913738
2015,5,74,0.003404389043104803
2017,1,74,0.002566385586340544
2016,8,74,0.0027758864505316085
2015,3,63,0.004687421667418659
2016,7,63,0.0049380859277084275
2016,5,63,0.005088484483882288
2015,5,63,0.00553968015240387
2017,6,63,0.004511956685215822
2015,1,63,0.004787687371534567
2016,2,63,0.0038351631824334485
2017,2,63,0.004712488093447636
2015,9,63,0.004186093146839123
2015,11,63,0.00476262094550559
2016,12,63,0.003960495312578333
2016,9,63,0.005339148744172056
2017,3,63,0.004511956685215822
2017,5,63,0.005815410838722615
2015,6,63,0.006266606507244197
2015,8,63,0.005188750187998195
2015,7,63,0.004963152353737404
2016,10,63,0.004687421667418659
2015,10,63,0.00546448087431694
2016,11,63,0.005138617335940242
2015,12,63,0.00483782022359252
2016,6,63,0.00553968015240387
2016,3,63,0.004812753797563543
2015,4,63,0.0050132852057953575
2017,4,63,0.004988218779766381
2017,7,63,0.0049380859277084275
2016,4,63,0.004336491703012984
2015,2,63,0.0034842332180277736
2016,8,63,0.005890610116809546
2016,1,63,0.005339148744172056
2017,1,63,0.005213816614027172
2017,6,65,0.0050667066406835555
2015,1,65,0.004317193824014391
2017,5,65,0.004197271773347324
2016,3,65,0.005606355868685355
2016,8,65,0.005966122020686554
2015,2,65,0.004167291260680558
2016,2,65,0.004916804077349722
2016,6,65,0.005966122020686554
2015,4,65,0.004616998950682056
2016,5,65,0.0054264727926847545
2015,10,65,0.004946784590016489
2015,11,65,0.00467695997601559
2015,12,65,0.005516414330685055
2016,7,65,0.0054264727926847545
2016,4,65,0.004616998950682056
2017,7,65,0.005276570229350922
2016,1,65,0.005546394843351821
2016,10,65,0.005156648178683856
2015,9,65,0.004616998950682056
2015,3,65,0.005576375356018588
2016,11,65,0.00458701843801529
2015,6,65,0.005756258432019187
2015,7,65,0.006056063558686853
2015,5,65,0.006026083046020087
2017,2,65,0.003897466646679658
2015,8,65,0.005126667666017089
2017,3,65,0.00467695997601559
2016,12,65,0.005276570229350922
2016,9,65,0.005576375356018588
2017,4,65,0.004017388697346725
2017,1,65,0.006205966122020686
2017,6,10,0.0021878291872619725
2016,6,10,0.0027550441617372984
2016,2,10,0.0031872079518137373
2016,12,10,0.0032682386624530695
2015,12,10,0.003079167004294628
2016,8,10,0.0021878291872619725
2015,10,10,0.002998136293655295
2015,7,10,0.0037544229262890636
2016,1,10,0.0027550441617372984
2015,2,10,0.002052778002863085
2017,5,10,0.0023228803716608595
2015,6,10,0.002728033924857521
2016,4,10,0.002917105583015963
2017,3,10,0.0023228803716608595
2015,9,10,0.002971126056775518
2015,4,10,0.003079167004294628
2016,3,10,0.0032682386624530695
2015,5,10,0.002998136293655295
2016,5,10,0.002971126056775518
2015,3,10,0.002863085109256408
2017,2,10,0.001971747292223753
2015,1,10,0.002782054398617076
2017,7,10,0.002674013451097966
2016,11,10,0.0029441158198957405
2016,7,10,0.002863085109256408
2016,10,10,0.0029441158198957405
2015,8,10,0.002728033924857521
2016,9,10,0.0035653512681306215
2017,1,10,0.002728033924857521
2017,4,10,0.0018366961078248656
2015,11,10,0.002349890608540637
2015,9,23,0.012233013156259432
2017,5,23,0.012818919446762424
2016,1,23,0.01095467215879836
2015,8,23,0.012765655238534878
2016,7,23,0.013333806792962023
2016,9,23,0.012676881558155637
2016,6,23,0.013422580473341264
2015,3,23,0.013120749960051845
2016,10,23,0.0115583331853772
2015,10,23,0.012410560517017914
2016,12,23,0.010777124798039876
2017,1,23,0.01214423947588019
2017,2,23,0.010599577437281394
2017,6,23,0.012889938391065817
2016,4,23,0.010830389006267422
2015,7,23,0.013493599417644657
2016,8,23,0.01315625943220354
2017,3,23,0.010528558492978003
2017,4,23,0.011629352129680592
2015,4,23,0.012712391030307335
2017,7,23,0.012907693127141665
2015,12,23,0.011380785824618716
2015,11,23,0.01026223745184028
2016,3,23,0.012179748948031888
2016,2,23,0.01013795429930934
2016,11,23,0.010528558492978003
2015,6,23,0.01186016369866662
2015,1,23,0.012073220531576797
2015,5,23,0.013014221543596754
2016,5,23,0.012446069989169611
2015,2,23,0.00974735010564068
