0.02997086851330667,0.015073989594922437 0.12779586638534413 9
0.03061662198391421,0.015401861915772606 0.19811322908477735 9
0.031254271265205705,0.01514982621163912 0.19160069619707631 9
0.028997908347594598,0.015405478195125912 0.1855370054344421 9
0.029899765408402643,0.015146873581276105 0.19353505351760628 9
0.031582905125955636,0.015183146022397748 0.1409700941621551 9
0.030331179321486268,0.015071842309795016 0.09841013096952249 9
0.029877827506955366,0.015103557148155417 0.2211592784152925 9
0.030294030294030293,0.015271823404080865 0.19059896264345938 9
0.03137902559867878,0.015249604522507364 0.18012331122586558 9
0.03117330687692549,0.015228429494154785 0.18374517157567125 9
0.029075753861240502,0.015154170652884904 0.172504646386322 9
0.030446706642495235,0.01503564873317602 0.12978740338837128 9
0.031144853765852815,0.015019736970205482 0.1110573527721054 9
0.030765319094838546,0.014878759218029983 0.14374177362490237 9
0.03296969696969697,0.0153635935705741 0.1343845703731824 9
0.030379416749967404,0.015333766133027938 0.28448072764894716 9
0.028170386977288235,0.015304060406432025 0.18801915286624113 9
0.030442629179331306,0.015116703604447139 0.20371647690820907 9
0.033652077969841855,0.015389810858573891 0.1916295481459545 9
0.03421454696976712,0.015313420758498763 0.18595396576052137 9
0.033077704887739076,0.015195598316345198 0.11868160121510313 9
0.031044851975774005,0.014966636563982297 0.17061590544269772 9
0.02891649712133674,0.0150557502796746 0.11965622426293948 9
0.03147910367394276,0.015160206187706186 0.1529935849352566 9
0.029075174895871244,0.015148684682428385 0.13000961170573413 9
0.029913602222897583,0.01512656535892798 0.1748432100713742 9
0.03008582016773942,0.015270622835741692 0.2057975748107955 9
0.027541566188602616,0.01512397312765968 0.26975814524980235 9
0.027392830746489284,0.015108206941628574 0.13292914422727514 9
