2015,7,1,0.007955713899813976
2015,7,2,0.007901102683073652
2015,7,3,0.008615386213222748
2015,7,4,0.007941720354869994
2015,7,5,0.008487008667356372
2015,7,6,0.008776702572238022
2015,7,7,0.009522880280407936
2015,7,8,0.011757049445998268
2015,7,9,0.008045746418866837
2015,7,10,0.007701043953382062
2015,7,11,0.007537930011838832
2015,7,12,0.007737703991701804
2015,7,13,0.00763097301647864
2015,7,14,0.0076389050786798435
2015,7,15,0.007997513792001695
2015,7,16,0.007904616075990113
2015,7,17,0.008141044483050926
2015,7,18,0.008380918828028192
2015,7,19,0.008721378483790322
2015,7,20,0.00914839974927526
2015,7,21,0.008471379329104002
2015,7,22,0.009198685857800063
2015,7,23,0.010387004685498176
2015,7,24,0.010199941102060043
2015,7,25,0.009841026074345912
2015,7,26,0.010372256652910937
2015,7,27,0.010464719940275728
2015,7,28,0.010262711573910453
2015,7,29,0.010648632174039612
2015,7,30,0.010678369100093203
2015,7,31,0.010520694926133778
2015,7,32,0.009985300647064913
2015,7,33,0.011119747005193168
2015,7,34,0.01102954184951808
2015,7,35,0.01121010886249217
2015,7,36,0.011438360093814912
2015,7,37,0.010941662504106772
2015,7,38,0.012467229026016416
2015,7,39,0.011708878594583737
2015,7,40,0.012028933102984177
2015,7,41,0.01211992827531877
2015,7,42,0.011754690666627213
2015,7,43,0.011616543869097532
2015,7,44,0.011479225470343414
2015,7,45,0.011710311055697045
2015,7,46,0.010927559680056858
2015,7,47,0.011734516773150806
2015,7,48,0.011501350718944854
2015,7,49,0.01114790716479275
2015,7,50,0.011295386545033557
2015,7,51,0.010902169512904628
2015,7,52,0.011187523903738545
2015,7,53,0.010846817730774911
2015,7,54,0.010657735053539457
2015,7,55,0.010925973270597576
2015,7,56,0.009112995116923891
2015,7,57,0.009602227400901497
2015,7,58,0.010030169153176158
2015,7,59,0.010554682480881612
2015,7,60,0.011004070860314142
2015,7,61,0.011230078223592777
2015,7,62,0.009514328411494364
2015,7,63,0.010166478729662209
2015,7,64,0.0091600897483816
2015,7,65,0.009507174434178459
2015,7,66,0.01010562941049347
2015,7,67,0.010862791463472599
2015,7,68,0.011731316064420632
2015,7,69,0.011947523038313172
2015,7,70,0.01005973121506004
2015,7,71,0.011112529060268708
2015,7,72,0.010638793458203108
2015,7,73,0.010965596056103998
2015,7,74,0.01014426628050918
2015,7,75,0.010299124115197275
2015,7,76,0.008648029011261547
2015,7,77,0.008218772869068953
2015,8,1,0.008135262931558673
2015,8,2,0.007982460707861816
2015,8,3,0.008748964467687775
2015,8,4,0.008099627040090783
2015,8,5,0.008642032601779304
2015,8,6,0.008884633166194745
2015,8,7,0.009737837845472622
2015,8,8,0.011980265356219008
2015,8,9,0.008072398501339199
2015,8,10,0.007889282543326218
2015,8,11,0.00763854696610445
2015,8,12,0.007847268721180972
2015,8,13,0.007762896205872494
2015,8,14,0.007748431882783926
2015,8,15,0.008104341236614122
2015,8,16,0.008087407311299269
2015,8,17,0.008206628899201212
2015,8,18,0.008509877029698165
2015,8,19,0.008848959710594975
2015,8,20,0.00921558617616341
2015,8,21,0.008599764348828054
2015,8,22,0.009309823721815429
2015,8,23,0.010522742169154347
2015,8,24,0.010295801349797922
2015,8,25,0.009969596786380201
2015,8,26,0.010359642997824743
2015,8,27,0.010641752216462621
2015,8,28,0.010351597371165786
2015,8,29,0.010738258746392318
2015,8,30,0.010745563655712682
2015,8,31,0.010595924933685432
2015,8,32,0.01006391004427873
2015,8,33,0.011181969513087215
2015,8,34,0.010914879869923675
2015,8,35,0.011154076237824405
2015,8,36,0.01125664371327751
2015,8,37,0.011334947364484803
2015,8,38,0.012022757186562462
2015,8,39,0.011746296906717212
2015,8,40,0.011804352969851658
2015,8,41,0.012086064490664782
2015,8,42,0.011829991409219056
2015,8,43,0.011720163254144418
2015,8,44,0.011972660248923683
2015,8,45,0.012007779132747795
2015,8,46,0.011099064122419166
2015,8,47,0.011769917718879298
2015,8,48,0.01192345850749686
2015,8,49,0.011584152059270898
2015,8,50,0.011639222224306234
2015,8,51,0.011170378721644248
2015,8,52,0.011347884354179405
2015,8,53,0.01108697800473491
2015,8,54,0.011037886211120923
2015,8,55,0.011092094658599538
2015,8,56,0.009173522987607098
2015,8,57,0.009760398369964231
2015,8,58,0.010160995076080523
2015,8,59,0.010590338825273932
2015,8,60,0.011005179212464732
2015,8,61,0.01119148549034493
2015,8,62,0.009586941213499355
2015,8,63,0.01030389300335781
2015,8,64,0.009278434822660364
2015,8,65,0.009744531467392396
2015,8,66,0.010335052586453937
2015,8,67,0.01105395924495021
2015,8,68,0.011759473771608775
2015,8,69,0.012117725539605845
2015,8,70,0.01024108461377049
2015,8,71,0.011398617126767922
2015,8,72,0.010978308299927178
2015,8,73,0.01131550689748946
2015,8,74,0.010447852907035605
2015,8,75,0.010672691878729455
2015,8,76,0.008762735056069846
2015,8,77,0.00831332566816388
2015,9,1,0.00766735891275276
2015,9,2,0.007643801034573379
2015,9,3,0.008259224412643536
2015,9,4,0.007636167563244171
2015,9,5,0.008179774145423886
2015,9,6,0.008374863030479691
2015,9,7,0.009116495255188681
2015,9,8,0.010924770681022686
2015,9,9,0.007644088569722145
2015,9,10,0.0074200906080536
2015,9,11,0.007250273898623019
2015,9,12,0.007404913434288097
2015,9,13,0.007340795847840351
2015,9,14,0.007405131170644622
2015,9,15,0.007655496400919357
2015,9,16,0.007609206025773964
2015,9,17,0.007725801690357107
2015,9,18,0.00801486650167051
2015,9,19,0.008286340754586676
2015,9,20,0.008699522993671207
2015,9,21,0.008114138152685354
2015,9,22,0.00877240234295103
2015,9,23,0.009842499818559646
2015,9,24,0.009588786956723175
2015,9,25,0.009334001782271293
2015,9,26,0.009807850804739742
2015,9,27,0.009885668128167093
2015,9,28,0.009713092539241545
2015,9,29,0.010093969662374795
2015,9,30,0.010088747499315914
2015,9,31,0.009975391336844061
2015,9,32,0.00936973394991507
2015,9,33,0.010423359318753581
2015,9,34,0.010296093496845925
2015,9,35,0.01049893586237344
2015,9,36,0.010855014205217417
2015,9,37,0.01071020344859477
2015,9,38,0.011478314873593973
2015,9,39,0.011132793801493825
2015,9,40,0.011219301698441703
2015,9,41,0.011506487085620107
2015,9,42,0.011323149497044199
2015,9,43,0.011177765401731288
2015,9,44,0.011334645657404644
2015,9,45,0.01159300283668606
2015,9,46,0.010691224962350058
2015,9,47,0.011156756208697369
2015,9,48,0.011219438669116198
2015,9,49,0.01090507180237773
2015,9,50,0.011126067702212031
2015,9,51,0.010566346215944981
2015,9,52,0.010755068609383548
2015,9,53,0.010450685848458261
2015,9,54,0.010331473548393854
2015,9,55,0.010594396111119987
2015,9,56,0.008720256998866058
2015,9,57,0.009168386115653172
2015,9,58,0.009534104789314742
2015,9,59,0.00990886579754243
2015,9,60,0.01040554977219544
2015,9,61,0.010569495685448365
2015,9,62,0.008976370488601785
2015,9,63,0.009691056172916355
2015,9,64,0.008669603792560241
2015,9,65,0.009138383384434049
2015,9,66,0.009596348582035119
2015,9,67,0.010418793185730331
2015,9,68,0.011217760537079631
2015,9,69,0.0114604238412928
2015,9,70,0.009595314977057307
2015,9,71,0.010601802875512028
2015,9,72,0.0102093663277145
2015,9,73,0.010602108546113913
2015,9,74,0.009693630247650924
2015,9,75,0.009942525689376883
2015,9,76,0.008259816399118573
2015,9,77,0.00792557926229671
2015,10,1,0.0076678441861954315
2015,10,2,0.0076210745073972035
2015,10,3,0.008270614143601583
2015,10,4,0.0076809132882148376
2015,10,5,0.008190758244968404
2015,10,6,0.008388614999483334
2015,10,7,0.009068139534974722
2015,10,8,0.011049421147990578
2015,10,9,0.007720365423291879
2015,10,10,0.007451126345172148
2015,10,11,0.0073129595210289135
2015,10,12,0.00745665786037727
2015,10,13,0.007411984013366497
2015,10,14,0.0074066542534042025
2015,10,15,0.007707210720975528
2015,10,16,0.007711969503137604
2015,10,17,0.0078330049744456
2015,10,18,0.008099147273694639
2015,10,19,0.008414832336591358
2015,10,20,0.008817764042789077
2015,10,21,0.008207405430895907
2015,10,22,0.008857891623802551
2015,10,23,0.01007468067415466
2015,10,24,0.00968714837612314
2015,10,25,0.009563979142121466
2015,10,26,0.009905380716058971
2015,10,27,0.010073283560492315
2015,10,28,0.009676629729857802
2015,10,29,0.01024637404248224
2015,10,30,0.010282485015785783
2015,10,31,0.010004377018025683
2015,10,32,0.009306834926949167
2015,10,33,0.0104503804718695
2015,10,34,0.010372113881923753
2015,10,35,0.010361819797383364
2015,10,36,0.010742703076920369
2015,10,37,0.010729428507536607
2015,10,38,0.011547040366552316
2015,10,39,0.011113604936936847
2015,10,40,0.010982649157740703
2015,10,41,0.011353764569794915
2015,10,42,0.01109835907599759
2015,10,43,0.010930476281188893
2015,10,44,0.010995464543910663
2015,10,45,0.011052733112254088
2015,10,46,0.010282465249866233
2015,10,47,0.010787020518099056
2015,10,48,0.01072281327404103
2015,10,49,0.01059251141239383
2015,10,50,0.010673007262288719
2015,10,51,0.010245975866123998
2015,10,52,0.01030897418341942
2015,10,53,0.010163844423169895
2015,10,54,0.010031596546481832
2015,10,55,0.010145848078335079
2015,10,56,0.00867298892857589
2015,10,57,0.009261449739537868
2015,10,58,0.00966218949964072
2015,10,59,0.009959591712060647
2015,10,60,0.010293441925740363
2015,10,61,0.010541635765548897
2015,10,62,0.009109722528411456
2015,10,63,0.009743779965449964
2015,10,64,0.008856595491880854
2015,10,65,0.009240206169412785
2015,10,66,0.00969033597916763
2015,10,67,0.010407021231706852
2015,10,68,0.011200271228071136
2015,10,69,0.01129241691247085
2015,10,70,0.009643872672177102
2015,10,71,0.010586995292645137
2015,10,72,0.010259383194979984
2015,10,73,0.010371249846950467
2015,10,74,0.009722430530947934
2015,10,75,0.00982121567445684
2015,10,76,0.008257683599715834
2015,10,77,0.007891470389226163
2015,11,1,0.006822222181629673
2015,11,2,0.006711857624138987
2015,11,3,0.007278155655221234
2015,11,4,0.0067762756636228685
2015,11,5,0.007200848355337242
2015,11,6,0.007432716178116109
2015,11,7,0.007993369662525724
2015,11,8,0.009821000531767828
2015,11,9,0.006768796272682347
2015,11,10,0.006601417220421118
2015,11,11,0.006454800954888006
2015,11,12,0.006583593768387717
2015,11,13,0.006491016562897711
2015,11,14,0.006621753506583573
2015,11,15,0.0068152303541642225
2015,11,16,0.0067405369226254275
2015,11,17,0.006929363218848636
2015,11,18,0.0071291389504842765
2015,11,19,0.007430680211856894
2015,11,20,0.007755441693856724
2015,11,21,0.007254064938028637
2015,11,22,0.007767973257379708
2015,11,23,0.008912447892507587
2015,11,24,0.008554149045844287
2015,11,25,0.008488315455063376
2015,11,26,0.008518963264799248
2015,11,27,0.009006828672963896
2015,11,28,0.008528903130219236
2015,11,29,0.009093008535506264
2015,11,30,0.00903003462434233
2015,11,31,0.008779520771653093
2015,11,32,0.00827240521524046
2015,11,33,0.00909308515488667
2015,11,34,0.009037230103208189
2015,11,35,0.00899789669113909
2015,11,36,0.009400170415115228
2015,11,37,0.009295697459690966
2015,11,38,0.009732132343976851
2015,11,39,0.009487477073947644
2015,11,40,0.00965483858052912
2015,11,41,0.00987550828924918
2015,11,42,0.009723561782321921
2015,11,43,0.009525517771170283
2015,11,44,0.00963900675064206
2015,11,45,0.009765029751719074
2015,11,46,0.009130285474504915
2015,11,47,0.009680146905685843
2015,11,48,0.009535910483324
2015,11,49,0.009275047117726006
2015,11,50,0.009400813387647235
2015,11,51,0.009039190778391434
2015,11,52,0.009208064272845219
2015,11,53,0.008933068837884386
2015,11,54,0.008896135401328957
2015,11,55,0.008999019501131588
2015,11,56,0.007817596588060138
2015,11,57,0.008155628310710927
2015,11,58,0.008504213180440675
2015,11,59,0.008691875867492885
2015,11,60,0.008953130485346234
2015,11,61,0.009204396178645406
2015,11,62,0.008100235080578081
2015,11,63,0.00855611838639607
2015,11,64,0.007844815714383635
2015,11,65,0.008145617618424044
2015,11,66,0.008465705211199392
2015,11,67,0.009129710143513341
2015,11,68,0.009630843772497536
2015,11,69,0.00986230915254503
2015,11,70,0.008463720166028614
2015,11,71,0.00919352559217552
2015,11,72,0.008867994239729528
2015,11,73,0.009145997335390238
2015,11,74,0.008482800767656016
2015,11,75,0.008635728791695652
2015,11,76,0.007304356152532575
2015,11,77,0.006958030279228966
2015,12,1,0.007034609423586989
2015,12,2,0.006979907339311887
2015,12,3,0.007548222318984363
2015,12,4,0.007017000229597646
2015,12,5,0.007460502574117902
2015,12,6,0.007674561729321848
2015,12,7,0.008330963927885826
2015,12,8,0.01036225120046006
2015,12,9,0.0070695118376506005
2015,12,10,0.0068193411138603565
2015,12,11,0.006654739967054823
2015,12,12,0.006934426257100815
2015,12,13,0.006751462663550449
2015,12,14,0.006919493610982231
2015,12,15,0.007092452483717178
2015,12,16,0.00702684455133763
2015,12,17,0.007087562657732341
2015,12,18,0.007394797875097068
2015,12,19,0.007633748553314118
2015,12,20,0.00793888565619461
2015,12,21,0.007501834842058034
2015,12,22,0.008023455071916754
2015,12,23,0.008964408675619885
2015,12,24,0.008852348593641842
2015,12,25,0.008586289337069786
2015,12,26,0.008747619506583574
2015,12,27,0.009085518785961656
2015,12,28,0.008797673703794145
2015,12,29,0.009148965537886395
2015,12,30,0.009095286291099165
2015,12,31,0.009002453116226362
2015,12,32,0.008627659767315235
2015,12,33,0.009544200796565228
2015,12,34,0.00926918627907186
2015,12,35,0.009382027344526764
2015,12,36,0.009565208517160646
2015,12,37,0.009520113318343166
2015,12,38,0.010114843509001308
2015,12,39,0.009861017793330219
2015,12,40,0.009840787485496499
2015,12,41,0.010103757051587413
2015,12,42,0.009940626494676785
2015,12,43,0.009760680741164344
2015,12,44,0.009727556247356736
2015,12,45,0.00978241399929777
2015,12,46,0.009285882544588276
2015,12,47,0.00996791137555974
2015,12,48,0.009644664078927355
2015,12,49,0.009372411084004013
2015,12,50,0.009444221143730492
2015,12,51,0.009168073239106412
2015,12,52,0.009362915890120371
2015,12,53,0.009079219884719006
2015,12,54,0.008938898159620358
2015,12,55,0.009163188034135513
2015,12,56,0.007856459519295733
2015,12,57,0.008257015512963446
2015,12,58,0.00859728902732733
2015,12,59,0.008901552434549953
2015,12,60,0.009299451414467771
2015,12,61,0.009375097274629426
2015,12,62,0.008180763615845897
2015,12,63,0.008642801523782525
2015,12,64,0.00793777439368657
2015,12,65,0.00818943871394162
2015,12,66,0.008604018402298049
2015,12,67,0.009234169345950874
2015,12,68,0.009848066926714399
2015,12,69,0.009977748851866298
2015,12,70,0.008553964799335515
2015,12,71,0.00933901724321445
2015,12,72,0.00894692029881973
2015,12,73,0.009209295182335757
2015,12,74,0.00857542695398459
2015,12,75,0.00874360074377859
2015,12,76,0.007504384482803001
2015,12,77,0.0072166177951512945
2015,1,41,0.009994803775941172
2015,1,42,0.00981041175107887
2015,1,43,0.009564767784518959
2015,1,44,0.009715437102231113
2015,1,45,0.009792966111668015
2015,1,46,0.009295854173015256
2015,1,47,0.010048251099251242
2015,1,48,0.009779367851962057
2015,1,49,0.009499620414210683
2015,1,50,0.0094977659889976
2015,1,51,0.009360099994042343
2015,1,52,0.009445179195479748
2015,1,53,0.009301095876838342
2015,1,54,0.009187748504031633
2015,1,55,0.009400339510750285
2015,1,56,0.0077868837650455795
2015,1,57,0.008142879560389935
2015,1,58,0.00848857333612732
2015,1,59,0.008719584475310528
2015,1,60,0.009027802006719687
2015,1,61,0.00924065792261884
2015,1,62,0.00817664356012686
2015,1,63,0.008578945240403264
2015,1,64,0.007971891160197019
2015,1,65,0.008170590333211557
2015,1,66,0.008507968474167746
2015,1,67,0.009173520559723517
2015,1,68,0.009644764500936062
2015,1,69,0.00995699501123817
2015,1,70,0.008494569900032117
2015,1,71,0.009290486735143617
2015,1,72,0.009030246345915687
2015,1,73,0.009360028414086988
2015,1,74,0.008660395124039736
2015,1,75,0.008797413856653884
2015,1,76,0.0074344375407111255
2015,1,77,0.007004671471229244
2015,1,1,0.006807454634223384
2015,1,2,0.006812944036048993
2015,1,3,0.007253455209375229
2015,1,4,0.006811310141409158
2015,1,5,0.0072701625427142
2015,1,6,0.007363482173768307
2015,1,7,0.007939250687754982
2015,1,8,0.009359237783607678
2015,1,9,0.0069743394884857635
2015,1,10,0.006761106724915892
2015,1,11,0.006625732870412286
2015,1,12,0.006765372396351134
2015,1,13,0.006628002462355188
2015,1,14,0.006763602920823823
2015,1,15,0.007006319055872121
2015,1,16,0.006978445593318105
2015,1,17,0.0070915981573399555
2015,1,18,0.00737537924642418
2015,1,19,0.007690908074607762
2015,1,20,0.007961471007469917
2015,1,21,0.007371398275329478
2015,1,22,0.007958523358983395
2015,1,23,0.009093273233726086
2015,1,24,0.008432660003103038
2015,1,25,0.008690431924180491
2015,1,26,0.008674483310465497
2015,1,27,0.009099869367028994
2015,1,28,0.0085190726356385
2015,1,29,0.009259850132374911
2015,1,30,0.009102847052391193
2015,1,31,0.008787332241831794
2015,1,32,0.008258536783429192
2015,1,33,0.009055993391229518
2015,1,34,0.008999110534911293
2015,1,35,0.009047858391412443
2015,1,36,0.009378124164770508
2015,1,37,0.009201845645827208
2015,1,38,0.009945940335042732
2015,1,39,0.009543058113235057
2015,1,40,0.009724720914500032
2015,2,41,0.007691112613642735
2015,2,42,0.007626028555091339
2015,2,43,0.007496108939455788
2015,2,44,0.007700771302595365
2015,2,45,0.007759115692077284
2015,2,46,0.007311468545688579
2015,2,47,0.007920175932272663
2015,2,48,0.0078114802143562055
2015,2,49,0.007603840526780017
2015,2,50,0.007589022549986047
2015,2,51,0.007399096217448376
2015,2,52,0.007419809476152491
2015,2,53,0.007358161721023823
2015,2,54,0.007204964464741696
2015,2,55,0.007347608081549606
2015,2,56,0.0061817953086001675
2015,2,57,0.006477206992553633
2015,2,58,0.006764405192331418
2015,2,59,0.006877230142694202
2015,2,60,0.007086510092570656
2015,2,61,0.0072710051103420425
2015,2,62,0.006529879431773947
2015,2,63,0.006848718969994585
2015,2,64,0.006327601449138736
2015,2,65,0.0064962699020559055
2015,2,66,0.006759860886456537
2015,2,67,0.00723577106612667
2015,2,68,0.007621380249533522
2015,2,69,0.007856866530289382
2015,2,70,0.006797274667739235
2015,2,71,0.0073764960585469535
2015,2,72,0.007171816534678165
2015,2,73,0.00738934608654477
2015,2,74,0.006848904972267712
2015,2,75,0.007029390407814947
2015,2,76,0.005870916034367769
2015,2,77,0.00557373940786141
2015,2,1,0.005434242450141378
2015,2,2,0.005433682498259513
2015,2,3,0.005742322336026662
2015,2,4,0.005466724856507017
2015,2,5,0.005777391764012671
2015,2,6,0.005866766626050112
2015,2,7,0.00625404387773901
2015,2,8,0.00726884782185089
2015,2,9,0.005555733230158829
2015,2,10,0.005390920755834581
2015,2,11,0.005245219892728867
2015,2,12,0.0054243499647829
2015,2,13,0.005346334991836126
2015,2,14,0.005396449714830447
2015,2,15,0.005580822766649278
2015,2,16,0.005551175220083219
2015,2,17,0.005622536102557413
2015,2,18,0.005839599991355456
2015,2,19,0.006070385224972872
2015,2,20,0.006356997718498252
2015,2,21,0.005883140751620631
2015,2,22,0.006293641985882021
2015,2,23,0.007169395671285462
2015,2,24,0.006633294179366363
2015,2,25,0.006855638360333048
2015,2,26,0.006909337839692635
2015,2,27,0.007161186698322262
2015,2,28,0.006742193405511532
2015,2,29,0.007348606283556918
2015,2,30,0.007236054390139833
2015,2,31,0.006889111810154544
2015,2,32,0.006467588909026212
2015,2,33,0.0070027700270641376
2015,2,34,0.006997340088243538
2015,2,35,0.006984659920192576
2015,2,36,0.007322026050098952
2015,2,37,0.007139866670479185
2015,2,38,0.007617110524147653
2015,2,39,0.0072889064316379705
2015,2,40,0.007597827506814361
2015,3,41,0.010655560296824754
2015,3,42,0.010510670501220516
2015,3,43,0.010371168126050396
2015,3,44,0.010509633846661476
2015,3,45,0.010407146702647578
2015,3,46,0.009884110409747482
2015,3,47,0.010707958369655306
2015,3,48,0.010586327578647926
2015,3,49,0.010160981078671593
2015,3,50,0.010276709743613034
2015,3,51,0.009841339518821764
2015,3,52,0.009971526269043636
2015,3,53,0.009852183769830021
2015,3,54,0.009622741704101477
2015,3,55,0.0098214416726894
2015,3,56,0.00826951930628306
2015,3,57,0.008690594783669882
2015,3,58,0.00908042829431328
2015,3,59,0.009336055026643881
2015,3,60,0.009502966954119644
2015,3,61,0.009846483187085467
2015,3,62,0.00876274136339812
2015,3,63,0.009192077741268317
2015,3,64,0.008465141980762918
2015,3,65,0.008675465625255169
2015,3,66,0.009125634212468628
2015,3,67,0.00974560763526007
2015,3,68,0.010416662098225764
2015,3,69,0.01067615202267886
2015,3,70,0.00914492903702897
2015,3,71,0.010045704120204743
2015,3,72,0.00963056568280614
2015,3,73,0.00995975080097468
2015,3,74,0.009197640889222022
2015,3,75,0.009445978289732069
2015,3,76,0.007851823011245231
2015,3,77,0.0072969458040724015
2015,3,1,0.0071404034210394915
2015,3,2,0.0070941887227671165
2015,3,3,0.007615172926272332
2015,3,4,0.007130840029740956
2015,3,5,0.0076091745371766415
2015,3,6,0.00775734984978564
2015,3,7,0.008324260438069147
2015,3,8,0.009909046175918706
2015,3,9,0.007261572359924463
2015,3,10,0.007119997558117146
2015,3,11,0.006897476786198583
2015,3,12,0.007043504598789081
2015,3,13,0.006956585558808851
2015,3,14,0.006948405686000156
2015,3,15,0.0073160891049877125
2015,3,16,0.007230004027019128
2015,3,17,0.007480615000102987
2015,3,18,0.007679465160494377
2015,3,19,0.008023437027947293
2015,3,20,0.008370050610214659
2015,3,21,0.007732156129479089
2015,3,22,0.008331999031266246
2015,3,23,0.009587507194093693
2015,3,24,0.008934789540352098
2015,3,25,0.009192724019049992
2015,3,26,0.009321514082501954
2015,3,27,0.009621747375243093
2015,3,28,0.00902133589659752
2015,3,29,0.009854134574071863
2015,3,30,0.00974802837152585
2015,3,31,0.009289132241361844
2015,3,32,0.008592040076677769
2015,3,33,0.009578255524357563
2015,3,34,0.009524376572331142
2015,3,35,0.009497950072936866
2015,3,36,0.009930706574719275
2015,3,37,0.009765632855040018
2015,3,38,0.010561897196682506
2015,3,39,0.010115374473276937
2015,3,40,0.01040997914883606
2015,4,41,0.010719917336240208
2015,4,42,0.01054748561313252
2015,4,43,0.010459881208175292
2015,4,44,0.010716773989791402
2015,4,45,0.010723106385962163
2015,4,46,0.010077878946169322
2015,4,47,0.010813551690137183
2015,4,48,0.010587662773354945
2015,4,49,0.010365687707338882
2015,4,50,0.010380396234475736
2015,4,51,0.010071627459008355
2015,4,52,0.0101330979580393
2015,4,53,0.010024440176287088
2015,4,54,0.009796979841235655
2015,4,55,0.009993089396191934
2015,4,56,0.008219639325133749
2015,4,57,0.00863766542023764
2015,4,58,0.009056563556107655
2015,4,59,0.00930350502788591
2015,4,60,0.009523217681939486
2015,4,61,0.009925746653093313
2015,4,62,0.008692645996082996
2015,4,63,0.009230859046569688
2015,4,64,0.008232910945870224
2015,4,65,0.008687652053815647
2015,4,66,0.009190341467950579
2015,4,67,0.009917962458336049
2015,4,68,0.01046678372365027
2015,4,69,0.010845918114947218
2015,4,70,0.009186135907905148
2015,4,71,0.010219497332330204
2015,4,72,0.009730927959378749
2015,4,73,0.010114646233510024
2015,4,74,0.009263005293412516
2015,4,75,0.009508457895545379
2015,4,76,0.007754813705928939
2015,4,77,0.0072349106566074895
2015,4,1,0.007116628437098862
2015,4,2,0.0070036164981372015
2015,4,3,0.007557629248074365
2015,4,4,0.007065507423413015
2015,4,5,0.007529293353896675
2015,4,6,0.007752229259845216
2015,4,7,0.008328210443968354
2015,4,8,0.00993023327217519
2015,4,9,0.00722172529958483
2015,4,10,0.006935513484277727
2015,4,11,0.006813962783939234
2015,4,12,0.006921523094611864
2015,4,13,0.006815835382811349
2015,4,14,0.006874025684174009
2015,4,15,0.007187257100734401
2015,4,16,0.007136906289030696
2015,4,17,0.007306656429790632
2015,4,18,0.007580645090640857
2015,4,19,0.007878334725838375
2015,4,20,0.008240989242584831
2015,4,21,0.007601788788158055
2015,4,22,0.008218703560146503
2015,4,23,0.00938376113728246
2015,4,24,0.008915688900129422
2015,4,25,0.008971996967365161
2015,4,26,0.009175363175196715
2015,4,27,0.00951254218591996
2015,4,28,0.008914064026664607
2015,4,29,0.009680606538469238
2015,4,30,0.009601668171777036
2015,4,31,0.009296991170238302
2015,4,32,0.008603371842341034
2015,4,33,0.009577314068055207
2015,4,34,0.009456650358356078
2015,4,35,0.009526707843547179
2015,4,36,0.009918419197533758
2015,4,37,0.00994499923341514
2015,4,38,0.010578469708579109
2015,4,39,0.010219467829103055
2015,4,40,0.010487974271711862
2015,5,41,0.011673891389012935
2015,5,42,0.011490578063923002
2015,5,43,0.011308350463240557
2015,5,44,0.011630506416874853
2015,5,45,0.011644844613644147
2015,5,46,0.010806730232755628
2015,5,47,0.011538328277722859
2015,5,48,0.011456328992284884
2015,5,49,0.011255131551003437
2015,5,50,0.011339615314094983
2015,5,51,0.010849037055000241
2015,5,52,0.010931214611087134
2015,5,53,0.010835732497100094
2015,5,54,0.010666698774942928
2015,5,55,0.010768669103998249
2015,5,56,0.008981511301848447
2015,5,57,0.009421958188079317
2015,5,58,0.00998558626108713
2015,5,59,0.010257152952087626
2015,5,60,0.01065523622480913
2015,5,61,0.011100691788230168
2015,5,62,0.009570687186154479
2015,5,63,0.010157911283770676
2015,5,64,0.009084303113733906
2015,5,65,0.009519918115445615
2015,5,66,0.010130763117815874
2015,5,67,0.01091507267451842
2015,5,68,0.011521906986242947
2015,5,69,0.011821735954636934
2015,5,70,0.010166952118532734
2015,5,71,0.011298336684189053
2015,5,72,0.01067289060327739
2015,5,73,0.011075174719668254
2015,5,74,0.010200523481297937
2015,5,75,0.010524052262526501
2015,5,76,0.008416493138552708
2015,5,77,0.007948288262804172
2015,5,1,0.007744709699601372
2015,5,2,0.007694787033823692
2015,5,3,0.00826813484165111
2015,5,4,0.007708820779461317
2015,5,5,0.008216071028595734
2015,5,6,0.008416503749104203
2015,5,7,0.009048926145507884
2015,5,8,0.01056419442297054
2015,5,9,0.007805671799583329
2015,5,10,0.00752635931196671
2015,5,11,0.0073540629822311816
2015,5,12,0.0075718505877068725
2015,5,13,0.007485387677226584
2015,5,14,0.0074682169913611535
2015,5,15,0.0077747717792141825
2015,5,16,0.007778377458184113
2015,5,17,0.007861108144534208
2015,5,18,0.008190524879824801
2015,5,19,0.008475383145683555
2015,5,20,0.008843948025255113
2015,5,21,0.008240501335075066
2015,5,22,0.00888997768050124
2015,5,23,0.010012479200277586
2015,5,24,0.009698296145758305
2015,5,25,0.009549804108264975
2015,5,26,0.010101905349253124
2015,5,27,0.010152275993229924
2015,5,28,0.009803473614173133
2015,5,29,0.010297694661232096
2015,5,30,0.010474923595327102
2015,5,31,0.010197248986013584
2015,5,32,0.009565845142288596
2015,5,33,0.010548933758307568
2015,5,34,0.010560622685383173
2015,5,35,0.01056323094868847
2015,5,36,0.011048725572192603
2015,5,37,0.010778494223625045
2015,5,38,0.011878770640323864
2015,5,39,0.011191767283129749
2015,5,40,0.011765167619332311
2015,6,41,0.011277572005926249
2015,6,42,0.011117531368428787
2015,6,43,0.011019743162703401
2015,6,44,0.01113788249154382
2015,6,45,0.011144862865947854
2015,6,46,0.010567407647241232
2015,6,47,0.011253288820233265
2015,6,48,0.011064883440290108
2015,6,49,0.01075978392280544
2015,6,50,0.010959491691652173
2015,6,51,0.010547713308715553
2015,6,52,0.010620515561629346
2015,6,53,0.010549884060872207
2015,6,54,0.010159318810720798
2015,6,55,0.010501457552295337
2015,6,56,0.008713299854135385
2015,6,57,0.00921521415859124
2015,6,58,0.009675825926627149
2015,6,59,0.009987412464865226
2015,6,60,0.010355119898283277
2015,6,61,0.010641317519728003
2015,6,62,0.00921508751676116
2015,6,63,0.009757294388630891
2015,6,64,0.008865247507274084
2015,6,65,0.00923523209640101
2015,6,66,0.009739052319943974
2015,6,67,0.010495927750026213
2015,6,68,0.011086809138228602
2015,6,69,0.011313282140623026
2015,6,70,0.009740680396488453
2015,6,71,0.010742198577553973
2015,6,72,0.010253735225004917
2015,6,73,0.010602692005683702
2015,6,74,0.009868171291716394
2015,6,75,0.010046981435352001
2015,6,76,0.008211096613922822
2015,6,77,0.007824519635726886
2015,6,1,0.007571692852246157
2015,6,2,0.0074963892790496185
2015,6,3,0.008181440279779238
2015,6,4,0.007518561032715686
2015,6,5,0.00806285263657082
2015,6,6,0.008260650174355554
2015,6,7,0.009019500467273994
2015,6,8,0.01068734909806413
2015,6,9,0.007607483284527219
2015,6,10,0.0073990984085344135
2015,6,11,0.0071848560203141044
2015,6,12,0.00733506825467115
2015,6,13,0.007326575896286828
2015,6,14,0.007252675746965753
2015,6,15,0.007581881610596749
2015,6,16,0.00756537963299933
2015,6,17,0.007708998711030118
2015,6,18,0.007975649747793584
2015,6,19,0.00830751559658168
2015,6,20,0.008615395872984755
2015,6,21,0.008065979967659514
2015,6,22,0.008744551736402907
2015,6,23,0.009854985246832856
2015,6,24,0.009557451657401307
2015,6,25,0.009351117848465988
2015,6,26,0.009763883419055914
2015,6,27,0.009964877322938905
2015,6,28,0.00967358290012246
2015,6,29,0.010087274125758956
2015,6,30,0.010186937058741151
2015,6,31,0.009975528621446149
2015,6,32,0.009395156424137126
2015,6,33,0.010254646275949618
2015,6,34,0.010330502884495158
2015,6,35,0.010358461906302883
2015,6,36,0.010691285429283784
2015,6,37,0.010415189541600964
2015,6,38,0.011327850127502991
2015,6,39,0.010832343484518015
2015,6,40,0.011284211098926135
2016,7,1,0.008227039255192402
2016,7,2,0.008081729727390484
2016,7,3,0.008897998005286666
2016,7,4,0.008122878228525914
2016,7,5,0.008744474696756351
2016,7,6,0.00903438411564217
2016,7,7,0.009901929775703228
2016,7,8,0.012572680536004929
2016,7,9,0.008205500129200629
2016,7,10,0.008015478864796553
2016,7,11,0.007779793170981734
2016,7,12,0.007877737852963638
2016,7,13,0.007803520343396257
2016,7,14,0.007813303274252564
2016,7,15,0.00814172879602367
2016,7,16,0.008114286877690589
2016,7,17,0.008318556487363973
2016,7,18,0.008610161397594657
2016,7,19,0.008910921356293495
2016,7,20,0.009289831920245914
2016,7,21,0.008635903233571694
2016,7,22,0.00937865460731501
2016,7,23,0.01048370041669447
2016,7,24,0.010578154067686984
2016,7,25,0.00998383172330328
2016,7,26,0.010412035305943285
2016,7,27,0.010703167161960073
2016,7,28,0.010509555273267057
2016,7,29,0.010740284643922272
2016,7,30,0.010719192113570765
2016,7,31,0.010806393689600027
2016,7,32,0.010299843268970444
2016,7,33,0.011487435448277846
2016,7,34,0.01127460106340142
2016,7,35,0.011499803442540134
2016,7,36,0.011590601128093183
2016,7,37,0.011325077474092995
2016,7,38,0.012428839178436983
2016,7,39,0.012047821540121063
2016,7,40,0.012057717704526837
2016,7,41,0.01212730550785395
2016,7,42,0.0119505679182116
2016,7,43,0.011829547533936148
2016,7,44,0.011824058007598219
2016,7,45,0.011939497888070066
2016,7,46,0.011283993639486872
2016,7,47,0.01191361843132024
2016,7,48,0.011727649389946597
2016,7,49,0.011454591124000612
2016,7,50,0.01172579776660157
2016,7,51,0.011259616255657905
2016,7,52,0.011283893879712993
2016,7,53,0.011228898890079077
2016,7,54,0.010856515690508713
2016,7,55,0.011197187222121641
2016,7,56,0.009311452925750181
2016,7,57,0.009777880156989464
2016,7,58,0.010223476319477199
2016,7,59,0.0107067435370444
2016,7,60,0.011233894633062118
2016,7,61,0.011298865381680939
2016,7,62,0.009590579871541894
2016,7,63,0.0102611963166621
2016,7,64,0.009435920915895547
2016,7,65,0.009750727740837415
2016,7,66,0.010226098621254644
2016,7,67,0.011068387605756482
2016,7,68,0.011913675724325336
2016,7,69,0.012141686646939315
2016,7,70,0.010225678971497131
2016,7,71,0.011283833671589298
2016,7,72,0.010823730638271209
2016,7,73,0.011269829567912611
2016,7,74,0.010388986187338285
2016,7,75,0.010722917957422407
2016,7,76,0.00883934902215353
2016,7,77,0.008397386947104764
2016,8,1,0.008260810067647822
2016,8,2,0.008187433234459718
2016,8,3,0.008932271276259113
2016,8,4,0.008195294929875075
2016,8,5,0.008830603242714922
2016,8,6,0.009015094245881199
2016,8,7,0.009876502164826419
2016,8,8,0.01199346589423361
2016,8,9,0.008174717537760187
2016,8,10,0.008025358254357202
2016,8,11,0.007794196003737151
2016,8,12,0.007953654495806387
2016,8,13,0.007887046481964984
2016,8,14,0.008045008187049393
2016,8,15,0.00822632843929372
2016,8,16,0.008177757835028438
2016,8,17,0.008282698136786486
2016,8,18,0.008561617836977418
2016,8,19,0.00890383922971787
2016,8,20,0.0093298307543664
2016,8,21,0.008773819118790646
2016,8,22,0.009428830397288533
2016,8,23,0.010550391444806996
2016,8,24,0.010508034860126468
2016,8,25,0.01003516603782586
2016,8,26,0.010548863981394355
2016,8,27,0.010740710120463171
2016,8,28,0.010452164902468879
2016,8,29,0.01076247351094981
2016,8,30,0.010923015483027996
2016,8,31,0.01083312052541638
2016,8,32,0.010369590642124005
2016,8,33,0.011270147210798479
2016,8,34,0.011198536647401067
2016,8,35,0.011382139565231115
2016,8,36,0.011678861680581264
2016,8,37,0.011263818041807126
2016,8,38,0.012391384027312626
2016,8,39,0.011921552572594484
2016,8,40,0.012061009231803973
2016,8,41,0.012176838056881292
2016,8,42,0.011893825877144234
2016,8,43,0.011768797263630733
2016,8,44,0.01162165745978276
2016,8,45,0.011815229289021482
2016,8,46,0.011138170847575807
2016,8,47,0.011938700326900711
2016,8,48,0.01158810741824709
2016,8,49,0.011452287162752527
2016,8,50,0.011441741047793308
2016,8,51,0.01119770895427963
2016,8,52,0.011330566297917732
2016,8,53,0.011134869189430375
2016,8,54,0.010905975097970888
2016,8,55,0.01115445055119037
2016,8,56,0.009306189889224386
2016,8,57,0.00986217264402209
2016,8,58,0.010316897692295147
2016,8,59,0.010684473218355757
2016,8,60,0.011198746269337864
2016,8,61,0.011426096768403941
2016,8,62,0.009810410492697126
2016,8,63,0.01038142293062397
2016,8,64,0.009601377280626351
2016,8,65,0.009849976451600944
2016,8,66,0.010350166456101274
2016,8,67,0.011054405799236106
2016,8,68,0.011975393492118664
2016,8,69,0.012088582054045323
2016,8,70,0.010283742585815167
2016,8,71,0.011311179370042444
2016,8,72,0.010834897194471229
2016,8,73,0.011194705048984885
2016,8,74,0.010441942492145855
2016,8,75,0.010701349068599379
2016,8,76,0.008844461436800505
2016,8,77,0.00849655792692033
2016,9,1,0.007865776707881635
2016,9,2,0.0077596445408060445
2016,9,3,0.008571244158691978
2016,9,4,0.007859125170417458
2016,9,5,0.00845436652098126
2016,9,6,0.008683254212003859
2016,9,7,0.009480589647449349
2016,9,8,0.011672240167986542
2016,9,9,0.007885353158847553
2016,9,10,0.0075293534178792875
2016,9,11,0.007368922184656601
2016,9,12,0.007593573504414927
2016,9,13,0.007502836248469355
2016,9,14,0.007562417133795205
2016,9,15,0.007827229460466361
2016,9,16,0.007822918901681587
2016,9,17,0.00792773895181793
2016,9,18,0.00815674781005574
2016,9,19,0.008505590264776122
2016,9,20,0.008914408254435506
2016,9,21,0.008390471132400159
2016,9,22,0.009026102106713186
2016,9,23,0.010160011645884467
2016,9,24,0.01014159527445298
2016,9,25,0.009675724660144804
2016,9,26,0.009967263411256318
2016,9,27,0.01036515931102343
2016,9,28,0.009989884075515997
2016,9,29,0.010357682268589755
2016,9,30,0.010389494427476897
2016,9,31,0.010356086505822705
2016,9,32,0.00986175609538516
2016,9,33,0.010881939203723288
2016,9,34,0.010768027363169369
2016,9,35,0.01072861552973592
2016,9,36,0.011063291557588424
2016,9,37,0.010643135752552992
2016,9,38,0.011729834647240015
2016,9,39,0.011189227314328046
2016,9,40,0.01138850644001918
2016,9,41,0.01131401900528098
2016,9,42,0.011173489498071957
2016,9,43,0.010983566935177904
2016,9,44,0.011158079121144618
2016,9,45,0.01116402021186003
2016,9,46,0.010467577354399866
2016,9,47,0.011211088026531158
2016,9,48,0.011073083361835663
2016,9,49,0.010872744740632198
2016,9,50,0.01074363772918892
2016,9,51,0.010707462356122549
2016,9,52,0.010595348037901412
2016,9,53,0.010606408516101222
2016,9,54,0.01027591062839222
2016,9,55,0.010503098384806855
2016,9,56,0.008893811208676734
2016,9,57,0.009313627814171567
2016,9,58,0.009776369344979139
2016,9,59,0.010272690040650496
2016,9,60,0.010680580947794902
2016,9,61,0.010763904488926704
2016,9,62,0.009285556167233965
2016,9,63,0.009803116319149834
2016,9,64,0.008938846875366393
2016,9,65,0.009254989309092207
2016,9,66,0.009779100433826073
2016,9,67,0.010442034735878765
2016,9,68,0.011270031714736726
2016,9,69,0.011281191493380032
2016,9,70,0.009672293105790146
2016,9,71,0.010659581362905356
2016,9,72,0.010236524344975524
2016,9,73,0.010591203122159675
2016,9,74,0.009852649839474398
2016,9,75,0.010027834432727862
2016,9,76,0.008395037360195872
2016,9,77,0.008089023725412762
2016,10,1,0.007988331418177659
2016,10,2,0.007874837918729574
2016,10,3,0.008608272953161432
2016,10,4,0.007927140261597316
2016,10,5,0.008451320733490239
2016,10,6,0.008685749162500268
2016,10,7,0.009461746096576221
2016,10,8,0.01154824097082507
2016,10,9,0.007844965550156516
2016,10,10,0.007605289132411068
2016,10,11,0.007418577728641156
2016,10,12,0.007665215844685039
2016,10,13,0.007545955723422544
2016,10,14,0.007724323776566784
2016,10,15,0.007851134681728166
2016,10,16,0.007810996676101388
2016,10,17,0.007971614842273721
2016,10,18,0.008106330405391054
2016,10,19,0.008456444882265164
2016,10,20,0.00889046705881659
2016,10,21,0.008389594329481722
2016,10,22,0.008949161680148131
2016,10,23,0.009989822794547213
2016,10,24,0.010047848016731163
2016,10,25,0.00950253947303832
2016,10,26,0.009873407496922936
2016,10,27,0.010211499868719626
2016,10,28,0.009894723047003227
2016,10,29,0.010124853968581655
2016,10,30,0.010245084487861005
2016,10,31,0.010237212415108773
2016,10,32,0.009821727138719802
2016,10,33,0.010894284881695353
2016,10,34,0.010742694237995653
2016,10,35,0.01072868007872499
2016,10,36,0.011175701527599568
2016,10,37,0.010661349659408497
2016,10,38,0.011877287412705119
2016,10,39,0.011409509312421809
2016,10,40,0.0115530437746627
2016,10,41,0.01154562698898678
2016,10,42,0.011466080462621124
2016,10,43,0.011319978320043677
2016,10,44,0.011311853249741885
2016,10,45,0.01157400975532523
2016,10,46,0.010829915460587822
2016,10,47,0.011617964018550545
2016,10,48,0.011322110879086458
2016,10,49,0.01117521568503088
2016,10,50,0.011006541341008017
2016,10,51,0.01092655228042582
2016,10,52,0.010880409883774882
2016,10,53,0.010721393910971332
2016,10,54,0.010554176462754746
2016,10,55,0.010655014308325361
2016,10,56,0.008773034224531474
2016,10,57,0.00927416036169606
2016,10,58,0.009688987185471648
2016,10,59,0.010134696618078762
2016,10,60,0.010611124332816673
2016,10,61,0.010721973065684618
2016,10,62,0.009175989320790903
2016,10,63,0.009770208951855644
2016,10,64,0.008966861930265777
2016,10,65,0.009294112751425318
2016,10,66,0.009716090667967503
2016,10,67,0.010531997864898201
2016,10,68,0.011312841448211887
2016,10,69,0.011579898012219004
2016,10,70,0.009725064183476916
2016,10,71,0.010732338561683867
2016,10,72,0.0103471061311311
2016,10,73,0.010827061013380346
2016,10,74,0.009935445960595691
2016,10,75,0.010209154663640262
2016,10,76,0.008445067771545026
2016,10,77,0.008179141614608535
2016,11,1,0.007188945482155385
2016,11,2,0.007108453746650134
2016,11,3,0.007751275879768365
2016,11,4,0.00714660216902382
2016,11,5,0.007632272684956486
2016,11,6,0.007853477003426632
2016,11,7,0.00855443476737053
2016,11,8,0.010618873947444752
2016,11,9,0.0072383954231853695
2016,11,10,0.0070606221651711674
2016,11,11,0.006849641581340735
2016,11,12,0.006991571685256554
2016,11,13,0.006934972851895548
2016,11,14,0.006935211673352498
2016,11,15,0.007213213646764039
2016,11,16,0.007127372296009091
2016,11,17,0.007317966467581711
2016,11,18,0.007499389009684399
2016,11,19,0.007741871465419983
2016,11,20,0.00808804437860482
2016,11,21,0.007584930147723171
2016,11,22,0.00811961355144319
2016,11,23,0.009079502535999207
2016,11,24,0.009115615804453105
2016,11,25,0.008681337859821645
2016,11,26,0.008990672338106914
2016,11,27,0.0093920134925771
2016,11,28,0.008934080183468867
2016,11,29,0.009134287133955506
2016,11,30,0.00939541318433203
2016,11,31,0.00925243336894728
2016,11,32,0.008841330712947501
2016,11,33,0.009768071409015911
2016,11,34,0.009550243088916194
2016,11,35,0.009457290590975938
2016,11,36,0.009950387594796937
2016,11,37,0.009548689102945523
2016,11,38,0.010330390927863255
2016,11,39,0.009944295817328705
2016,11,40,0.010082922349183726
2016,11,41,0.010176001241136462
2016,11,42,0.010179122331067597
2016,11,43,0.009936295433743138
2016,11,44,0.010095822194713009
2016,11,45,0.010186883935447135
2016,11,46,0.009573323623719933
2016,11,47,0.010236058912173702
2016,11,48,0.010087674596753457
2016,11,49,0.009897950556841204
2016,11,50,0.00994848869032052
2016,11,51,0.00972228073964344
2016,11,52,0.009755042774178081
2016,11,53,0.00976097337972329
2016,11,54,0.009450472702821478
2016,11,55,0.009657429607587014
2016,11,56,0.007987832516803009
2016,11,57,0.008409074778702966
2016,11,58,0.008809899403499365
2016,11,59,0.009132029751695775
2016,11,60,0.009505817652933464
2016,11,61,0.00953537374012188
2016,11,62,0.008394066328780479
2016,11,63,0.008806177298563568
2016,11,64,0.008183726637278066
2016,11,65,0.008451826108386221
2016,11,66,0.008852873928405046
2016,11,67,0.009361118860504348
2016,11,68,0.010113867987911068
2016,11,69,0.010175981841918135
2016,11,70,0.008766436433281885
2016,11,71,0.009607154629143869
2016,11,72,0.00941933488983432
2016,11,73,0.009758696483696557
2016,11,74,0.009015454208344965
2016,11,75,0.009163564451001872
2016,11,76,0.007703716317141721
2016,11,77,0.00740431100901685
2016,12,1,0.0067614773643231325
2016,12,2,0.006684526339332416
2016,12,3,0.007294359345164178
2016,12,4,0.006690037769808882
2016,12,5,0.007187163166853789
2016,12,6,0.007426893820806896
2016,12,7,0.0080746272022327
2016,12,8,0.010242528496385262
2016,12,9,0.006762699311355359
2016,12,10,0.006518635022105854
2016,12,11,0.006429160991144736
2016,12,12,0.006499695458251639
2016,12,13,0.0064706742046175365
2016,12,14,0.006544244646770351
2016,12,15,0.006689425607396535
2016,12,16,0.006703155196142867
2016,12,17,0.006815014592811446
2016,12,18,0.006996961275019171
2016,12,19,0.007210794527019777
2016,12,20,0.007581809694678382
2016,12,21,0.007138753014916836
2016,12,22,0.007622654264957109
2016,12,23,0.008344930267211047
2016,12,24,0.008581094367809025
2016,12,25,0.007966695867653004
2016,12,26,0.008501136003600425
2016,12,27,0.008566676357602788
2016,12,28,0.008463093780080796
2016,12,29,0.008426102213903313
2016,12,30,0.008647052982512522
2016,12,31,0.00866008631223192
2016,12,32,0.008432437755444668
2016,12,33,0.009322374083249159
2016,12,34,0.009073339157400492
2016,12,35,0.009149873717346558
2016,12,36,0.00926981339007943
2016,12,37,0.008923405874566236
2016,12,38,0.0100934215839905
2016,12,39,0.009590682293091932
2016,12,40,0.009673872601089617
2016,12,41,0.009727317331831173
2016,12,42,0.009611440637101953
2016,12,43,0.009423190008991294
2016,12,44,0.009467173318272636
2016,12,45,0.009559133303609593
2016,12,46,0.00905377709107232
2016,12,47,0.009527774594638468
2016,12,48,0.009519354399993919
2016,12,49,0.009170645423295916
2016,12,50,0.009427800243919569
2016,12,51,0.00904619956660379
2016,12,52,0.009105625686661485
2016,12,53,0.008947254358875391
2016,12,54,0.008789465048400558
2016,12,55,0.0088821981464474
2016,12,56,0.007504337525538928
2016,12,57,0.007886683622963995
2016,12,58,0.008183134471867446
2016,12,59,0.008570498608375197
2016,12,60,0.008915854453272674
2016,12,61,0.00908211876682724
2016,12,62,0.0077845179638548175
2016,12,63,0.008273706297531576
2016,12,64,0.007654440271227796
2016,12,65,0.007888569183531258
2016,12,66,0.008264201120788914
2016,12,67,0.008860118455007079
2016,12,68,0.009534500315815332
2016,12,69,0.009682161867319345
2016,12,70,0.008189809000611005
2016,12,71,0.009068889513522515
2016,12,72,0.008720838150656888
2016,12,73,0.009033768990649994
2016,12,74,0.008420832989794179
2016,12,75,0.008511866661843585
2016,12,76,0.007182691606168705
2016,12,77,0.00691738240266331
2016,1,41,0.009790551056352124
2016,1,42,0.009580122543578493
2016,1,43,0.009452138036236324
2016,1,44,0.009469795494867216
2016,1,45,0.009590315869301654
2016,1,46,0.008996049267504986
2016,1,47,0.0095968340222978
2016,1,48,0.009458970426157563
2016,1,49,0.009193484379317362
2016,1,50,0.009197229539639641
2016,1,51,0.00898287414342476
2016,1,52,0.009098130431503149
2016,1,53,0.008852940277177626
2016,1,54,0.008839585817565986
2016,1,55,0.008945081078643483
2016,1,56,0.007622858620806255
2016,1,57,0.00817368733672215
2016,1,58,0.008477749276107397
2016,1,59,0.008821732718033116
2016,1,60,0.00914655932269888
2016,1,61,0.009236336867808326
2016,1,62,0.00801248841683357
2016,1,63,0.00850661547110703
2016,1,64,0.007738390533656995
2016,1,65,0.008044318333342586
2016,1,66,0.008469427388957158
2016,1,67,0.009064243494676587
2016,1,68,0.00959698062028946
2016,1,69,0.009730122133963962
2016,1,70,0.008385170903758869
2016,1,71,0.009143009850050397
2016,1,72,0.00879196718517684
2016,1,73,0.008997361766302977
2016,1,74,0.008385617621767302
2016,1,75,0.008511496290646467
2016,1,76,0.00732295844157865
2016,1,77,0.007018614416282341
2016,1,1,0.006790855745248725
2016,1,2,0.006753322370894907
2016,1,3,0.007353134974723911
2016,1,4,0.006794716497660506
2016,1,5,0.007271587085007823
2016,1,6,0.007454491355234574
2016,1,7,0.008130997855797921
2016,1,8,0.010193513874501946
2016,1,9,0.006795641500771854
2016,1,10,0.006588169900888144
2016,1,11,0.006497799319785391
2016,1,12,0.006573251895411278
2016,1,13,0.006548181878572727
2016,1,14,0.006601022467459716
2016,1,15,0.006841382379449477
2016,1,16,0.006797429896575869
2016,1,17,0.006902760496888023
2016,1,18,0.007179873987229905
2016,1,19,0.007408287798901909
2016,1,20,0.007787779608251879
2016,1,21,0.007250750905195848
2016,1,22,0.007816251777774971
2016,1,23,0.00881623282137706
2016,1,24,0.00869179025557193
2016,1,25,0.008452922040256106
2016,1,26,0.008539691570556448
2016,1,27,0.009028208198839836
2016,1,28,0.008605099056710495
2016,1,29,0.008987401414490991
2016,1,30,0.008990764405272304
2016,1,31,0.008848094148241182
2016,1,32,0.008397108678092019
2016,1,33,0.009347688705878269
2016,1,34,0.009177341564474587
2016,1,35,0.009189408995184448
2016,1,36,0.009430741451688752
2016,1,37,0.009151852997619244
2016,1,38,0.010011298081988718
2016,1,39,0.009525779149534445
2016,1,40,0.009734894672531386
2016,2,41,0.008893523308860157
2016,2,42,0.00863521624493557
2016,2,43,0.008715377586212958
2016,2,44,0.008840576450840078
2016,2,45,0.008888635569499946
2016,2,46,0.008374921381013728
2016,2,47,0.009043248210546435
2016,2,48,0.008895194808839293
2016,2,49,0.008766260897770231
2016,2,50,0.00859098869613536
2016,2,51,0.008545644389294463
2016,2,52,0.008560505938226406
2016,2,53,0.008413396410885992
2016,2,54,0.008206171606098229
2016,2,55,0.00838125771844658
2016,2,56,0.007021344392544471
2016,2,57,0.00737283439837105
2016,2,58,0.007653556950962923
2016,2,59,0.007901282773917079
2016,2,60,0.008091086159686005
2016,2,61,0.008261824135930768
2016,2,62,0.00733880280062702
2016,2,63,0.0077056207558426435
2016,2,64,0.007126940459631006
2016,2,65,0.007318073408351005
2016,2,66,0.007668683053439543
2016,2,67,0.008189339500853252
2016,2,68,0.00863721032574061
2016,2,69,0.008916843941160045
2016,2,70,0.007660016034018201
2016,2,71,0.008395966755889064
2016,2,72,0.008198575525783474
2016,2,73,0.008310716013611611
2016,2,74,0.00777474729543643
2016,2,75,0.007932701461934307
2016,2,76,0.006804589751147217
2016,2,77,0.00642593810157307
2016,2,1,0.006241253302105237
2016,2,2,0.006272657446407779
2016,2,3,0.006675701516451565
2016,2,4,0.00623407918238684
2016,2,5,0.006667486516995706
2016,2,6,0.006790323704820069
2016,2,7,0.007357460164329381
2016,2,8,0.009010141516028778
2016,2,9,0.00633217339202258
2016,2,10,0.006218870754256594
2016,2,11,0.006076039076678057
2016,2,12,0.006180872558626305
2016,2,13,0.0060274596848107565
2016,2,14,0.006221077088433335
2016,2,15,0.006376147034147054
2016,2,16,0.006307220833892637
2016,2,17,0.006442643152681488
2016,2,18,0.006661556350820404
2016,2,19,0.006924060533219298
2016,2,20,0.007158690112106338
2016,2,21,0.006730174543414234
2016,2,22,0.0071756831502878
2016,2,23,0.008155500508912526
2016,2,24,0.00785403960075686
2016,2,25,0.00779187227388361
2016,2,26,0.007819177389082792
2016,2,27,0.008232814150275974
2016,2,28,0.007776413757443407
2016,2,29,0.008310430169349103
2016,2,30,0.008170392911403987
2016,2,31,0.007983208802847891
2016,2,32,0.007613833590822353
2016,2,33,0.008364111409131233
2016,2,34,0.008164872512959213
2016,2,35,0.008065327963415107
2016,2,36,0.008356843309489152
2016,2,37,0.008330752155472822
2016,2,38,0.00875860479685567
2016,2,39,0.008454972200633785
2016,2,40,0.008531142478217058
2016,3,41,0.010342533517092665
2016,3,42,0.010145672105340925
2016,3,43,0.010111412144002655
2016,3,44,0.010152235824877214
2016,3,45,0.010202893402410174
2016,3,46,0.009563836925718145
2016,3,47,0.010312248384414397
2016,3,48,0.01013391868962911
2016,3,49,0.009973744995015844
2016,3,50,0.009992376054500606
2016,3,51,0.00961719832559292
2016,3,52,0.009735333922074159
2016,3,53,0.00963922703460502
2016,3,54,0.009478963656382407
2016,3,55,0.009648863463734772
2016,3,56,0.0081595442801444
2016,3,57,0.00864229631847967
2016,3,58,0.008966923942261342
2016,3,59,0.009177130049229085
2016,3,60,0.009364883312580972
2016,3,61,0.009651372576388982
2016,3,62,0.008547537347062964
2016,3,63,0.009022087611772155
2016,3,64,0.008377898095147747
2016,3,65,0.008536863815912739
2016,3,66,0.009014903067540282
2016,3,67,0.00957359045234666
2016,3,68,0.010189527921420914
2016,3,69,0.010406715194706519
2016,3,70,0.009002263547921137
2016,3,71,0.009866850375305339
2016,3,72,0.009536125279324304
2016,3,73,0.009771282557047097
2016,3,74,0.009102710870870192
2016,3,75,0.00928643145603525
2016,3,76,0.007828291902827552
2016,3,77,0.007436794199607671
2016,3,1,0.007282840924956297
2016,3,2,0.007237689039339113
2016,3,3,0.007746249621841584
2016,3,4,0.00725499123194784
2016,3,5,0.007673008422760724
2016,3,6,0.0078789914118658
2016,3,7,0.00851896434869353
2016,3,8,0.010377865858624645
2016,3,9,0.007283676484358679
2016,3,10,0.007115819409320794
2016,3,11,0.0069888981857285475
2016,3,12,0.007083995032589279
2016,3,13,0.00694384949761779
2016,3,14,0.00710193113339464
2016,3,15,0.007281616597543139
2016,3,16,0.007278396992745661
2016,3,17,0.007405730580627318
2016,3,18,0.007629282581866959
2016,3,19,0.007929169998501222
2016,3,20,0.008268271770612855
2016,3,21,0.007705821392955759
2016,3,22,0.008286270898867503
2016,3,23,0.009368446249264455
2016,3,24,0.009062394711267178
2016,3,25,0.00901170796307205
2016,3,26,0.009249560879482262
2016,3,27,0.009691393414858815
2016,3,28,0.008984477039540653
2016,3,29,0.009424310513011262
2016,3,30,0.00966590795889628
2016,3,31,0.009276916381833956
2016,3,32,0.00876653619840714
2016,3,33,0.0095618600124459
2016,3,34,0.009507904388152601
2016,3,35,0.009387465908471814
2016,3,36,0.00973396652534064
2016,3,37,0.009766732233418994
2016,3,38,0.010188148797310725
2016,3,39,0.010018482747192664
2016,3,40,0.010136449117069605
2016,4,41,0.010321922100400446
2016,4,42,0.010055251064080714
2016,4,43,0.009992294979747003
2016,4,44,0.010217888190927296
2016,4,45,0.010298864236968467
2016,4,46,0.009553004880632607
2016,4,47,0.009987245007491626
2016,4,48,0.010117438378090359
2016,4,49,0.00989797379627036
2016,4,50,0.010040810799505528
2016,4,51,0.009561585304271496
2016,4,52,0.009674616998976517
2016,4,53,0.009501655650300127
2016,4,54,0.009390178118332844
2016,4,55,0.009586237928115604
2016,4,56,0.007965581997101472
2016,4,57,0.008563828937555156
2016,4,58,0.00883815874188484
2016,4,59,0.009189924778949199
2016,4,60,0.00954067050365709
2016,4,61,0.009832935582503675
2016,4,62,0.008330823060638324
2016,4,63,0.008970993380907791
2016,4,64,0.008177283774196879
2016,4,65,0.008478071269879097
2016,4,66,0.008930950546498216
2016,4,67,0.009551036758354788
2016,4,68,0.010246505867364843
2016,4,69,0.010313995272019545
2016,4,70,0.008795656697990447
2016,4,71,0.009745892714675266
2016,4,72,0.009330891856977538
2016,4,73,0.009607110045876758
2016,4,74,0.00893407614948786
2016,4,75,0.009147618125166517
2016,4,76,0.0076097885334488035
2016,4,77,0.007257757934061467
2016,4,1,0.007087322978127175
2016,4,2,0.0070695256024622954
2016,4,3,0.007660399032059122
2016,4,4,0.007070092427005943
2016,4,5,0.007512675132265838
2016,4,6,0.00772607231556898
2016,4,7,0.008397815367783812
2016,4,8,0.010204967713081645
2016,4,9,0.007094210696570285
2016,4,10,0.006828196899009992
2016,4,11,0.00671863437078305
2016,4,12,0.00681948550258856
2016,4,13,0.006767424492575446
2016,4,14,0.0068220634217973815
2016,4,15,0.007084204331663073
2016,4,16,0.0070584110640009275
2016,4,17,0.007170825954282677
2016,4,18,0.0074162073009536285
2016,4,19,0.007702706528320597
2016,4,20,0.008090949453719343
2016,4,21,0.0075227913579785505
2016,4,22,0.008110936822434182
2016,4,23,0.00930491728508097
2016,4,24,0.00892099749508611
2016,4,25,0.00887077574295375
2016,4,26,0.008832003977481703
2016,4,27,0.009523805074380137
2016,4,28,0.008902325376779421
2016,4,29,0.009477765666088083
2016,4,30,0.009449102824966334
2016,4,31,0.009229123964904834
2016,4,32,0.008629799457377227
2016,4,33,0.009629759643953583
2016,4,34,0.009554292950591806
2016,4,35,0.009591585657217495
2016,4,36,0.009743202687441749
2016,4,37,0.009387936977924158
2016,4,38,0.010769341050146007
2016,4,39,0.010104401328284466
2016,4,40,0.010441489490220241
2016,5,41,0.011454660116286368
2016,5,42,0.011234300543854787
2016,5,43,0.011154715728439499
2016,5,44,0.011349924427370527
2016,5,45,0.011286041936880445
2016,5,46,0.010715459810063105
2016,5,47,0.011613820569381475
2016,5,48,0.011439589587518754
2016,5,49,0.011068999983532902
2016,5,50,0.010986635562281216
2016,5,51,0.0107965928421688
2016,5,52,0.010848220758014362
2016,5,53,0.010637363416675618
2016,5,54,0.010547568333039416
2016,5,55,0.010630440870616077
2016,5,56,0.008832641009620872
2016,5,57,0.00930727976358696
2016,5,58,0.009625347344433828
2016,5,59,0.009976251919754216
2016,5,60,0.010293696957308153
2016,5,61,0.010534008990906172
2016,5,62,0.009174856082158678
2016,5,63,0.009769996207747622
2016,5,64,0.008987759545312578
2016,5,65,0.009286824573592214
2016,5,66,0.009730690670640288
2016,5,67,0.010443751383780923
2016,5,68,0.011115008578678394
2016,5,69,0.011494942662005429
2016,5,70,0.009706361441520497
2016,5,71,0.010770091709075493
2016,5,72,0.010318887922093184
2016,5,73,0.010679066974900916
2016,5,74,0.009867338793857372
2016,5,75,0.010122125208429384
2016,5,76,0.00832251381860025
2016,5,77,0.007918033281358136
2016,5,1,0.007680105740674041
2016,5,2,0.00762028507709897
2016,5,3,0.008306906141367663
2016,5,4,0.007647357625179619
2016,5,5,0.008225889963248481
2016,5,6,0.008453056169132125
2016,5,7,0.009191609872333226
2016,5,8,0.011484275703401393
2016,5,9,0.007762722991562806
2016,5,10,0.007470813286961397
2016,5,11,0.007320332489428062
2016,5,12,0.007433185659171649
2016,5,13,0.0073319068443599335
2016,5,14,0.007427814859505039
2016,5,15,0.007724189219749296
2016,5,16,0.0076553751063583204
2016,5,17,0.007888409239264302
2016,5,18,0.008101673640839696
2016,5,19,0.008372600400224686
2016,5,20,0.008820397870515514
2016,5,21,0.008174108456758398
2016,5,22,0.008789670448232137
2016,5,23,0.0099588143703988
2016,5,24,0.009826309318836534
2016,5,25,0.009497567903420224
2016,5,26,0.009848754602614352
2016,5,27,0.010119349511292678
2016,5,28,0.009784817366288912
2016,5,29,0.010190284685853247
2016,5,30,0.010239562156777354
2016,5,31,0.01001342223187475
2016,5,32,0.009492227758904521
2016,5,33,0.010497208029315142
2016,5,34,0.01033789193737891
2016,5,35,0.010414381505151171
2016,5,36,0.010680762380035937
2016,5,37,0.010634464879527447
2016,5,38,0.011309959486420162
2016,5,39,0.01099848575948209
2016,5,40,0.011091256412061573
2016,6,41,0.011801324086674293
2016,6,42,0.011485176286069109
2016,6,43,0.011301776342686825
2016,6,44,0.011366518209036622
2016,6,45,0.011526059916334661
2016,6,46,0.010695547167260547
2016,6,47,0.01132900201219286
2016,6,48,0.01119360010581607
2016,6,49,0.011066399215491018
2016,6,50,0.011106537382436952
2016,6,51,0.010755624431501085
2016,6,52,0.010887506650242029
2016,6,53,0.010842491498486383
2016,6,54,0.010416799253586349
2016,6,55,0.010795521211077673
2016,6,56,0.009074106299932135
2016,6,57,0.00959567432224574
2016,6,58,0.01001859716403239
2016,6,59,0.010382151778356666
2016,6,60,0.010880817775307732
2016,6,61,0.011166586275899627
2016,6,62,0.009423466853563156
2016,6,63,0.01005024901053126
2016,6,64,0.009230245365026373
2016,6,65,0.009501011276398656
2016,6,66,0.010003358086766523
2016,6,67,0.01076300206177302
2016,6,68,0.011647741427988034
2016,6,69,0.011658977024182964
2016,6,70,0.009987120479800353
2016,6,71,0.010949509233994759
2016,6,72,0.010521339213753561
2016,6,73,0.010796792162391725
2016,6,74,0.010036778311743716
2016,6,75,0.010247428558992818
2016,6,76,0.008611613810540887
2016,6,77,0.008287620512224902
2016,6,1,0.00808354601096284
2016,6,2,0.007960374011029413
2016,6,3,0.008681306141186984
2016,6,4,0.007971162088889684
2016,6,5,0.008550521082147
2016,6,6,0.008861719609062835
2016,6,7,0.009549471165353964
2016,6,8,0.011640436007375715
2016,6,9,0.007952621148127836
2016,6,10,0.007733821652224308
2016,6,11,0.007604505594844949
2016,6,12,0.007646140109185058
2016,6,13,0.0076317895962889
2016,6,14,0.007691049454530048
2016,6,15,0.007949645109075353
2016,6,16,0.007935767168240484
2016,6,17,0.00813583451563162
2016,6,18,0.008308947700267215
2016,6,19,0.0086948585450745
2016,6,20,0.009080272702963516
2016,6,21,0.008469817782271644
2016,6,22,0.009183386777236065
2016,6,23,0.010293844597186134
2016,6,24,0.010197394865663716
2016,6,25,0.009774303215636684
2016,6,26,0.010229634017006873
2016,6,27,0.010365162741231615
2016,6,28,0.010185173318779812
2016,6,29,0.010637301994739987
2016,6,30,0.010497562996445884
2016,6,31,0.010498581967766003
2016,6,32,0.009989055483475692
2016,6,33,0.010959748806440843
2016,6,34,0.010968955226042552
2016,6,35,0.011018176430510557
2016,6,36,0.011273228321956071
2016,6,37,0.010822102501896753
2016,6,38,0.012255771359005466
2016,6,39,0.011567532565722542
2016,6,40,0.01176755635144691
2017,1,41,0.010146802619559081
2017,1,42,0.009969225605846415
2017,1,43,0.009835341692163227
2017,1,44,0.009814465925304975
2017,1,45,0.00986801146251423
2017,1,46,0.009400250648391255
2017,1,47,0.010151895041401007
2017,1,48,0.009843080807600555
2017,1,49,0.009695459206445213
2017,1,50,0.009725581653282769
2017,1,51,0.009465388805874431
2017,1,52,0.00959166134508903
2017,1,53,0.009515503449225441
2017,1,54,0.009249271739358484
2017,1,55,0.009375870142912355
2017,1,56,0.008047780161294715
2017,1,57,0.008502791817848835
2017,1,58,0.008843055898658978
2017,1,59,0.00904969998780366
2017,1,60,0.009375692219509978
2017,1,61,0.009448348028586535
2017,1,62,0.008389496548812946
2017,1,63,0.008830002185319019
2017,1,64,0.008126457789699296
2017,1,65,0.008441993441198744
2017,1,66,0.008850220795649576
2017,1,67,0.009375276361481746
2017,1,68,0.009916032820851994
2017,1,69,0.010084728790433671
2017,1,70,0.008774927834040122
2017,1,71,0.009584784668287579
2017,1,72,0.009364314212037702
2017,1,73,0.009517268254731075
2017,1,74,0.008944789157438354
2017,1,75,0.009039991233797498
2017,1,76,0.007675873465923851
2017,1,77,0.007338882383480119
2017,1,1,0.007222339920307483
2017,1,2,0.007103565941579159
2017,1,3,0.007732836017702811
2017,1,4,0.007163855652465958
2017,1,5,0.007695242388378743
2017,1,6,0.007854449612121202
2017,1,7,0.008506334631444604
2017,1,8,0.010329032852684357
2017,1,9,0.007219409485395467
2017,1,10,0.006988853475220214
2017,1,11,0.0068487235066801416
2017,1,12,0.006972167182757357
2017,1,13,0.006937163444216391
2017,1,14,0.006976689856730569
2017,1,15,0.007254156829698231
2017,1,16,0.00720194700445417
2017,1,17,0.007408974767118388
2017,1,18,0.0074917011907504345
2017,1,19,0.007844776323359613
2017,1,20,0.008192830859093642
2017,1,21,0.0076875129032371245
2017,1,22,0.008228329878853165
2017,1,23,0.009252820759080332
2017,1,24,0.009056178202218384
2017,1,25,0.00885476617799506
2017,1,26,0.009171211378125866
2017,1,27,0.009394115422664872
2017,1,28,0.008970322321764715
2017,1,29,0.009340402000740914
2017,1,30,0.009428625186723204
2017,1,31,0.00921727335474994
2017,1,32,0.008838957072422469
2017,1,33,0.009661794483160735
2017,1,34,0.009427585281063215
2017,1,35,0.009266976154221106
2017,1,36,0.009695476819442954
2017,1,37,0.00948609386172696
2017,1,38,0.01012649409232005
2017,1,39,0.009771244269026744
2017,1,40,0.009969973757737623
2017,2,41,0.009010640067638673
2017,2,42,0.008785062086531892
2017,2,43,0.008779087091128408
2017,2,44,0.008774958909275819
2017,2,45,0.008853495695141267
2017,2,46,0.00843520979720448
2017,2,47,0.009021925461338698
2017,2,48,0.0087465561031703
2017,2,49,0.008665937791199419
2017,2,50,0.008600661856326464
2017,2,51,0.008551458796529608
2017,2,52,0.008419782851721812
2017,2,53,0.008435009705812187
2017,2,54,0.008202848068338
2017,2,55,0.008352565779687685
2017,2,56,0.007087278023415191
2017,2,57,0.007521733480794696
2017,2,58,0.007835159513745771
2017,2,59,0.008016686236507455
2017,2,60,0.008276775296376961
2017,2,61,0.008370512305372281
2017,2,62,0.0074053784285596684
2017,2,63,0.00782303970413829
2017,2,64,0.007242638215621744
2017,2,65,0.007524799849713239
2017,2,66,0.0077815428993135306
2017,2,67,0.008278873881664874
2017,2,68,0.008784342415100928
2017,2,69,0.008956669757334862
2017,2,70,0.00772743055006432
2017,2,71,0.008397093072560225
2017,2,72,0.008214800034382732
2017,2,73,0.008503581017929078
2017,2,74,0.007904522994317464
2017,2,75,0.008028763134588914
2017,2,76,0.006815377309783826
2017,2,77,0.006546688348979284
2017,2,1,0.006363624907736317
2017,2,2,0.006349071619845375
2017,2,3,0.006849544670588653
2017,2,4,0.006366148179094714
2017,2,5,0.006784056974427598
2017,2,6,0.006985008906488798
2017,2,7,0.007571747433864957
2017,2,8,0.009444273210777175
2017,2,9,0.006266796999471173
2017,2,10,0.006219809638545772
2017,2,11,0.005972367304263976
2017,2,12,0.006228705377075494
2017,2,13,0.006069578940717382
2017,2,14,0.006212634254323763
2017,2,15,0.006369901470122501
2017,2,16,0.00636072079867809
2017,2,17,0.006435519258848346
2017,2,18,0.006607290134865105
2017,2,19,0.006898330716340273
2017,2,20,0.007209748056796975
2017,2,21,0.006784953465745064
2017,2,22,0.007256841863422939
2017,2,23,0.008137671045535963
2017,2,24,0.008037134843611349
2017,2,25,0.007774967758243207
2017,2,26,0.00806390329463489
2017,2,27,0.00832724293874564
2017,2,28,0.00799765075919384
2017,2,29,0.008223692020539325
2017,2,30,0.008369789204084547
2017,2,31,0.008155817528998719
2017,2,32,0.007809949816592111
2017,2,33,0.008513199657166813
2017,2,34,0.008387310570791973
2017,2,35,0.008323053614503294
2017,2,36,0.008593290030609397
2017,2,37,0.008424883777312268
2017,2,38,0.008859219114492275
2017,2,39,0.008709805207598901
2017,2,40,0.008858387668631288
2017,3,41,0.009942274986781366
2017,3,42,0.009729801953877668
2017,3,43,0.009723440413504026
2017,3,44,0.009679888983970621
2017,3,45,0.009748880173623816
2017,3,46,0.009239309222049404
2017,3,47,0.009847287402406549
2017,3,48,0.009726100144086513
2017,3,49,0.009416215907186
2017,3,50,0.009520959038549135
2017,3,51,0.009311900795719705
2017,3,52,0.00931870672534269
2017,3,53,0.00921959779816772
2017,3,54,0.008948796750139636
2017,3,55,0.009137112660466547
2017,3,56,0.0076091621674672085
2017,3,57,0.008043642089110428
2017,3,58,0.00845387795042405
2017,3,59,0.008726636738504373
2017,3,60,0.009089410269128446
2017,3,61,0.009187183104996258
2017,3,62,0.007993180235079706
2017,3,63,0.00843436785457383
2017,3,64,0.007830426472167794
2017,3,65,0.008036323016195756
2017,3,66,0.0084382475777582
2017,3,67,0.008989010390442587
2017,3,68,0.009710144493832852
2017,3,69,0.009917687387132787
2017,3,70,0.008365226056035178
2017,3,71,0.00923412389410197
2017,3,72,0.008954487677308023
2017,3,73,0.009212923561735774
2017,3,74,0.008552079934360813
2017,3,75,0.008678396866216678
2017,3,76,0.007283821117674598
2017,3,77,0.006981442711579527
2017,3,1,0.0068330551227441935
2017,3,2,0.006727493697199722
2017,3,3,0.007362254337162029
2017,3,4,0.006795099155389985
2017,3,5,0.0072476644011018184
2017,3,6,0.007498682575359148
2017,3,7,0.00813470806689825
2017,3,8,0.010401778400043547
2017,3,9,0.006806954231939052
2017,3,10,0.006608147719385958
2017,3,11,0.006412665684861644
2017,3,12,0.0066040583505590465
2017,3,13,0.006509478373005539
2017,3,14,0.006572418827633191
2017,3,15,0.0068023375805112375
2017,3,16,0.00676843523632979
2017,3,17,0.006913174893063449
2017,3,18,0.007087857832587908
2017,3,19,0.007375617307216074
2017,3,20,0.00771491398735309
2017,3,21,0.007224315964076585
2017,3,22,0.007806672588602603
2017,3,23,0.008826680780207038
2017,3,24,0.008737168652015674
2017,3,25,0.008418755066973729
2017,3,26,0.008618422382505209
2017,3,27,0.00895706518847261
2017,3,28,0.008665817878180689
2017,3,29,0.008950673733577115
2017,3,30,0.008989107381893853
2017,3,31,0.008844110493251022
2017,3,32,0.008392901377581906
2017,3,33,0.009382497226202406
2017,3,34,0.0092171134410974
2017,3,35,0.009128765734176474
2017,3,36,0.009452409678861632
2017,3,37,0.009311818716310856
2017,3,38,0.009899272882596823
2017,3,39,0.009765033799446755
2017,3,40,0.009730086117353551
2017,4,41,0.01060602046061751
2017,4,42,0.010318362896032994
2017,4,43,0.010355333889102968
2017,4,44,0.010213799615509455
2017,4,45,0.01038425085984284
2017,4,46,0.0098256790155605
2017,4,47,0.010734293829039931
2017,4,48,0.010279146135415692
2017,4,49,0.010192033944126664
2017,4,50,0.010064880535586199
2017,4,51,0.010047968040814525
2017,4,52,0.00999456874109838
2017,4,53,0.00989012900505978
2017,4,54,0.009624934528297125
2017,4,55,0.00982595720691452
2017,4,56,0.008044603210880087
2017,4,57,0.008419810835135176
2017,4,58,0.008894132640240988
2017,4,59,0.009235885001166802
2017,4,60,0.009661656102939392
2017,4,61,0.009873139742598232
2017,4,62,0.008376687618341188
2017,4,63,0.008874369736092716
2017,4,64,0.008020030430320553
2017,4,65,0.008429830470739343
2017,4,66,0.008904640875372113
2017,4,67,0.009580613520215784
2017,4,68,0.010415634024558494
2017,4,69,0.010660724543188527
2017,4,70,0.008859384603194612
2017,4,71,0.009829204898381062
2017,4,72,0.009515609706465684
2017,4,73,0.00991803848257611
2017,4,74,0.009070456360929237
2017,4,75,0.00935178389123631
2017,4,76,0.007642430657403222
2017,4,77,0.007344621280163604
2017,4,1,0.007124238746178377
2017,4,2,0.007067934608019803
2017,4,3,0.007720765693253263
2017,4,4,0.007121771446151401
2017,4,5,0.007586119210486068
2017,4,6,0.007826462780745717
2017,4,7,0.008589083053347739
2017,4,8,0.010896116636046978
2017,4,9,0.007051157323433849
2017,4,10,0.006867879941848567
2017,4,11,0.0066803979838187515
2017,4,12,0.006861749438626566
2017,4,13,0.006756115747925519
2017,4,14,0.006881172955263878
2017,4,15,0.007069541634445573
2017,4,16,0.007034537323520261
2017,4,17,0.007154063601775991
2017,4,18,0.00739951156982472
2017,4,19,0.007703791845539717
2017,4,20,0.008081136928275705
2017,4,21,0.007533938150002936
2017,4,22,0.008150111119864393
2017,4,23,0.009192420039199508
2017,4,24,0.009170644034384954
2017,4,25,0.008789644985851754
2017,4,26,0.00904281044848691
2017,4,27,0.009496481403275305
2017,4,28,0.009108596277762926
2017,4,29,0.00932655751786522
2017,4,30,0.00945048563805716
2017,4,31,0.009329186714203207
2017,4,32,0.008925954037756397
2017,4,33,0.009932289106453752
2017,4,34,0.00975432877531132
2017,4,35,0.009746629566104087
2017,4,36,0.010088219389082715
2017,4,37,0.009735713181401729
2017,4,38,0.010737507378814978
2017,4,39,0.01034371035162361
2017,4,40,0.0104381186499777
2017,5,41,0.011427563573627848
2017,5,42,0.010978001916761546
2017,5,43,0.010965772526846345
2017,5,44,0.010946785172398643
2017,5,45,0.011223319496392081
2017,5,46,0.010474466911614673
2017,5,47,0.011216940447983197
2017,5,48,0.0108342688913676
2017,5,49,0.010839187401560124
2017,5,50,0.010753913392218114
2017,5,51,0.010648430867233789
2017,5,52,0.010609502107863999
2017,5,53,0.010542483318517811
2017,5,54,0.010303457887223037
2017,5,55,0.010444572877408211
2017,5,56,0.008586884554441388
2017,5,57,0.009064640771642932
2017,5,58,0.009585594516466515
2017,5,59,0.00983352670485633
2017,5,60,0.01028203895182998
2017,5,61,0.010411069832859863
2017,5,62,0.009038884204712494
2017,5,63,0.009509998544108639
2017,5,64,0.008796447395937315
2017,5,65,0.009084462913701784
2017,5,66,0.009542631255046575
2017,5,67,0.010329379214481939
2017,5,68,0.0109935484483478
2017,5,69,0.011343452749679987
2017,5,70,0.009552639582761441
2017,5,71,0.01056144612711906
2017,5,72,0.01023201616145638
2017,5,73,0.010573180216032534
2017,5,74,0.00971166829583196
2017,5,75,0.009979819812497695
2017,5,76,0.008230276482161427
2017,5,77,0.007990294136149469
2017,5,1,0.0077348258171296164
2017,5,2,0.007688728530062783
2017,5,3,0.008358022393810663
2017,5,4,0.007729779168092404
2017,5,5,0.00821751445018258
2017,5,6,0.008496731742850146
2017,5,7,0.009186499709080137
2017,5,8,0.011584013879027652
2017,5,9,0.007664475448280099
2017,5,10,0.007416560095008855
2017,5,11,0.007284131948011409
2017,5,12,0.007400812134341843
2017,5,13,0.007454806545650881
2017,5,14,0.007467644259000636
2017,5,15,0.00766476756878761
2017,5,16,0.007696508014906168
2017,5,17,0.007706347659905742
2017,5,18,0.007987454489226657
2017,5,19,0.00834529562507354
2017,5,20,0.008743218529865345
2017,5,21,0.008175508275349179
2017,5,22,0.008897074320092567
2017,5,23,0.00990374770443007
2017,5,24,0.00982370299805062
2017,5,25,0.009473355801932832
2017,5,26,0.009776366939353163
2017,5,27,0.010159688988822486
2017,5,28,0.009716161487841622
2017,5,29,0.010045672566128028
2017,5,30,0.010130676581472438
2017,5,31,0.00992718400890219
2017,5,32,0.009464228856299333
2017,5,33,0.01051528321133631
2017,5,34,0.010155218571388415
2017,5,35,0.010384197550261527
2017,5,36,0.010708589895209222
2017,5,37,0.010519548753863366
2017,5,38,0.011267968628684488
2017,5,39,0.010854921231605657
2017,5,40,0.011013522653213176
2017,6,41,0.011860247676326256
2017,6,42,0.011454630887753496
2017,6,43,0.011290490663378835
2017,6,44,0.011195968337556603
2017,6,45,0.01135778825630905
2017,6,46,0.010652220475468618
2017,6,47,0.011323768244721916
2017,6,48,0.011049178201490964
2017,6,49,0.010942955444045848
2017,6,50,0.011039438630521392
2017,6,51,0.010698565656296483
2017,6,52,0.010706226234086184
2017,6,53,0.010798130906603942
2017,6,54,0.010331759481411752
2017,6,55,0.0105803594591266
2017,6,56,0.008747600630040797
2017,6,57,0.009286725845068386
2017,6,58,0.009752944084259765
2017,6,59,0.010175966449773918
2017,6,60,0.01083909986315727
2017,6,61,0.010931995534109328
2017,6,62,0.009084098146565453
2017,6,63,0.00979138240231616
2017,6,64,0.008885424099849925
2017,6,65,0.009254339755630902
2017,6,66,0.009766923672296495
2017,6,67,0.010565997487623944
2017,6,68,0.011491829299863815
2017,6,69,0.011708482702170757
2017,6,70,0.009768785189829904
2017,6,71,0.010884381591501797
2017,6,72,0.010391047130764575
2017,6,73,0.010793991316886782
2017,6,74,0.00997023537298027
2017,6,75,0.01022176147343755
2017,6,76,0.00838306877758681
2017,6,77,0.00812440484537618
2017,6,1,0.007883922839603366
2017,6,2,0.0077940789652034565
2017,6,3,0.008595801952459637
2017,6,4,0.007854823377252948
2017,6,5,0.008357349429479579
2017,6,6,0.008697419278414848
2017,6,7,0.00953821815261044
2017,6,8,0.012138154843769986
2017,6,9,0.0077244630071007375
2017,6,10,0.0075152879954935164
2017,6,11,0.007358677125386609
2017,6,12,0.007490265237369674
2017,6,13,0.00746453186858803
2017,6,14,0.007544275930584245
2017,6,15,0.007722730294870992
2017,6,16,0.007743507891674559
2017,6,17,0.007843085956976302
2017,6,18,0.008060670902306078
2017,6,19,0.008404256722453422
2017,6,20,0.008799607519588389
2017,6,21,0.008287640473499247
2017,6,22,0.008951331089790576
2017,6,23,0.009878370539949891
2017,6,24,0.010174780965588279
2017,6,25,0.009452709929850546
2017,6,26,0.009856179278360721
2017,6,27,0.010192815719691738
2017,6,28,0.010040203851627705
2017,6,29,0.010122947449782885
2017,6,30,0.010166217896192839
2017,6,31,0.010336207499940648
2017,6,32,0.010060967594713172
2017,6,33,0.011104100567067348
2017,6,34,0.010875362894042886
2017,6,35,0.011071701032485797
2017,6,36,0.011244369686693472
2017,6,37,0.010765453490659058
2017,6,38,0.012251443792187601
2017,6,39,0.011636597549761969
2017,6,40,0.011695332799201279
2017,7,1,0.008260753254703896
2017,7,2,0.008179487201544197
2017,7,3,0.008950323398779424
2017,7,4,0.00822300741125699
2017,7,5,0.008723774798874418
2017,7,6,0.009075754585059466
2017,7,7,0.009887878535679705
2017,7,8,0.012540191436819626
2017,7,9,0.008054313326731923
2017,7,10,0.007879012407404231
2017,7,11,0.007670020023357026
2017,7,12,0.007847015546564617
2017,7,13,0.007799402657430013
2017,7,14,0.007868047897243907
2017,7,15,0.008038288691445239
2017,7,16,0.008059318072067324
2017,7,17,0.008177924857796245
2017,7,18,0.008354622524794455
2017,7,19,0.008709087989318527
2017,7,20,0.009154436487780394
2017,7,21,0.008618266557136501
2017,7,22,0.009289296850496379
2017,7,23,0.01030312717874009
2017,7,24,0.010509548620752731
2017,7,25,0.009866743803259198
2017,7,26,0.010210441386033114
2017,7,27,0.01064813011658289
2017,7,28,0.01041158424906382
2017,7,29,0.010472412049813366
2017,7,30,0.010625034588108904
2017,7,31,0.010647381746420607
2017,7,32,0.010360688939113554
2017,7,33,0.01144453065005864
2017,7,34,0.011167114701066976
2017,7,35,0.01126841316736167
2017,7,36,0.011680183396432266
2017,7,37,0.011110331819836596
2017,7,38,0.012393420390965434
2017,7,39,0.011800386790541727
2017,7,40,0.012105064233061224
2017,7,41,0.012198836615955682
2017,7,42,0.011900782496080523
2017,7,43,0.011770566920423402
2017,7,44,0.011876766830746597
2017,7,45,0.011992509849679044
2017,7,46,0.011143239523664425
2017,7,47,0.011757741461831969
2017,7,48,0.011869225773385249
2017,7,49,0.011433537588616621
2017,7,50,0.011687752131114417
2017,7,51,0.011292817004938812
2017,7,52,0.011327423141513904
2017,7,53,0.011110792908945491
2017,7,54,0.0108686597532743
2017,7,55,0.011063223849889774
2017,7,56,0.00906052325030881
2017,7,57,0.009614398874003467
2017,7,58,0.010077315686833094
2017,7,59,0.010539186933847334
2017,7,60,0.011096730974292994
2017,7,61,0.011279361620878121
2017,7,62,0.009469255404614914
2017,7,63,0.010145350036976234
2017,7,64,0.009263419051457574
2017,7,65,0.009556124086866485
2017,7,66,0.010139346472437579
2017,7,67,0.010887351469382201
2017,7,68,0.01190944159556767
2017,7,69,0.01206328139024481
2017,7,70,0.010115387896861873
2017,7,71,0.011190801878313478
2017,7,72,0.010744007353683303
2017,7,73,0.011210179884496452
2017,7,74,0.01023809954691517
2017,7,75,0.010599494246785107
2017,7,76,0.008726740681330003
2017,7,77,0.008502243574899437
