2015,1,1,0.01969257829152012
2015,1,2,0.01661198079192038
2015,1,3,0.023374464633658058
2015,1,4,0.021119657214494308
2015,1,5,0.02382162407822626
2015,1,6,0.026451215814041543
2015,1,7,0.030378033360475305
2015,1,8,0.02590504010413997
2015,1,9,0.016550135637710996
2015,1,10,0.016313696270643368
2015,1,11,0.019117856077883952
2015,1,12,0.01619670237980885
2015,1,13,0.017112498126666084
2015,1,14,0.019970147774555233
2015,1,15,0.019174916937353348
2015,1,16,0.02149452826027215
2015,1,17,0.018088332584833954
2015,1,18,0.016473943017753467
2015,1,19,0.022052760682083967
2015,1,20,0.023012742864164996
2015,1,21,0.024854296133162486
2015,1,22,0.027107923581506307
2015,1,23,0.02761121305151647
2015,1,24,0.02996178770541655
2015,1,25,0.02580363229616519
2015,1,26,0.029736299681856884
2015,1,27,0.03100306627716659
2015,1,28,0.031851224957322746
2015,1,29,0.027296851937035047
2015,1,30,0.026720506846840207
2015,1,31,0.02972421619100732
2015,1,32,0.03212824469320714
2015,1,33,0.0323426287475523
2015,1,34,0.029088156926720093
2015,1,35,0.026102348367665517
2015,1,36,0.025846042140474958
2015,1,37,0.022705660358570696
2015,1,38,0.023206703469227548
2015,1,39,0.022154233115974052
2015,1,40,0.021063400311955218
2015,1,41,0.024630015496536088
2015,1,42,0.01864013548848867
2015,1,43,0.02269144571542047
2015,1,44,0.021988881381944964
2015,1,45,0.02233232406642811
2015,1,46,0.023252544928845497
2015,1,47,0.02318490757797116
2015,1,48,0.020206293702333088
2015,1,49,0.020582491185298778
2015,1,50,0.021279560136335984
2015,1,51,0.01817689696302413
2015,1,52,0.02336223506743738
2015,1,53,0.022793275809108927
2015,1,54,0.027341957977796125
2015,1,55,0.02337370400954216
2015,1,56,0.029450326115980394
2015,1,57,0.021608352505942213
2015,1,58,0.022687066691373624
2015,1,59,0.025040879974993817
2015,1,60,0.028819361246483127
2015,1,61,0.02456468100018572
2015,1,62,0.02081334619636432
2015,1,63,0.02007397072176821
2015,1,64,0.020479957360893836
2015,1,65,0.019964960204222663
2015,1,66,0.021257545677416667
2015,1,67,0.020611184911260308
2015,1,68,0.021397797254305725
2015,1,69,0.022360988925649482
2015,1,70,0.01783906119166235
2015,1,71,0.02332830945547709
2015,1,72,0.020114404143160153
2015,1,73,0.02081230693947457
2015,1,74,0.018412698412698415
2015,1,75,0.01844089749262794
2015,1,76,0.02976685957955269
2015,1,77,0.021692647649703252
2015,2,1,0.02068488448339812
2015,2,2,0.016471692604686988
2015,2,3,0.02346184189727019
2015,2,4,0.02105147529160204
2015,2,5,0.023631852022644756
2015,2,6,0.026716048559938418
2015,2,7,0.03049748563431868
2015,2,8,0.0261411620599287
2015,2,9,0.01798929315739508
2015,2,10,0.015874040076217788
2015,2,11,0.017978143296062375
2015,2,12,0.016320931333250105
2015,2,13,0.01652155093668867
2015,2,14,0.019825775711219743
2015,2,15,0.020089025260043483
2015,2,16,0.021049392074073334
2015,2,17,0.016922093946139697
2015,2,18,0.02103564013766998
2015,2,19,0.02231609178677797
2015,2,20,0.023470223995427548
2015,2,21,0.02489020234059894
2015,2,22,0.027323775456407403
2015,2,23,0.02746155714317931
2015,2,24,0.030183022216725443
2015,2,25,0.025738059657505433
2015,2,26,0.030597781601511775
2015,2,27,0.03146002500229379
2015,2,28,0.03178690523354261
2015,2,29,0.028880361534769604
2015,2,30,0.02758148379670718
2015,2,31,0.030142320601932972
2015,2,32,0.03238542353205782
2015,2,33,0.03247385526326362
2015,2,34,0.02864347051887194
2015,2,35,0.026142825666052534
2015,2,36,0.023543020884061343
2015,2,37,0.02080690302690389
2015,2,38,0.022437785603023785
2015,2,39,0.023845448278328147
2015,2,40,0.02086839300712133
2015,2,41,0.025845358636473553
2015,2,42,0.021352157619838295
2015,2,43,0.024325940216995377
2015,2,44,0.020650445375928903
2015,2,45,0.022442908813459467
2015,2,46,0.02432432291536338
2015,2,47,0.024097885782444005
2015,2,48,0.02279432004015479
2015,2,49,0.02217264322912348
2015,2,50,0.020145196807046514
2015,2,51,0.02285440535227326
2015,2,52,0.01859658780863527
2015,2,53,0.022152534745433175
2015,2,54,0.028937415257261113
2015,2,55,0.026390035783099366
2015,2,56,0.02929702835951126
2015,2,57,0.019762707587852098
2015,2,58,0.02497576322355207
2015,2,59,0.026120387068052895
2015,2,60,0.02872821924051265
2015,2,61,0.023966723395212806
2015,2,62,0.02477381447119631
2015,2,63,0.02487078325228614
2015,2,64,0.021294266161716827
2015,2,65,0.02168878575551584
2015,2,66,0.022897331044107138
2015,2,67,0.023053992468806836
2015,2,68,0.023362904460945435
2015,2,69,0.024429093327098174
2015,2,70,0.01732798093711136
2015,2,71,0.022766453706520633
2015,2,72,0.019889304469379275
2015,2,73,0.02272513533351684
2015,2,74,0.01712202066481388
2015,2,75,0.021294132100441496
2015,2,76,0.029726395666004705
2015,2,77,0.022157146395977042
2015,3,1,0.020166794796688148
2015,3,2,0.017028422047731088
2015,3,3,0.02343990682897778
2015,3,4,0.021415128235450543
2015,3,5,0.024068078361516844
2015,3,6,0.02679770373450109
2015,3,7,0.03049767133048301
2015,3,8,0.025535988711271457
2015,3,9,0.01832988617919852
2015,3,10,0.01636553840037789
2015,3,11,0.019910170793172397
2015,3,12,0.017057576503880123
2015,3,13,0.016781316539638245
2015,3,14,0.020791624696806947
2015,3,15,0.019658892022290438
2015,3,16,0.021935099666393384
2015,3,17,0.017969460144055135
2015,3,18,0.022729821381073784
2015,3,19,0.02150999513096536
2015,3,20,0.023763426061580075
2015,3,21,0.025130031014397026
2015,3,22,0.0275918768334339
2015,3,23,0.02739882968488534
2015,3,24,0.030147348020558885
2015,3,25,0.025656990748570956
2015,3,26,0.02978574217098528
2015,3,27,0.03080272328827242
2015,3,28,0.03179592305476338
2015,3,29,0.028373168350280857
2015,3,30,0.02691020109454337
2015,3,31,0.029861529770156065
2015,3,32,0.031559457535552414
2015,3,33,0.03237260763203529
2015,3,34,0.028651922334905974
2015,3,35,0.026573445810684704
2015,3,36,0.023740072993444862
2015,3,37,0.01870174100645544
2015,3,38,0.022959659343879255
2015,3,39,0.023229057605768013
2015,3,40,0.01907074593312172
2015,3,41,0.025210786469086286
2015,3,42,0.020623723161803786
2015,3,43,0.023500520032311935
2015,3,44,0.02213113796928826
2015,3,45,0.019707299300161834
2015,3,46,0.0244692499614597
2015,3,47,0.021063531385579277
2015,3,48,0.020787340534892736
2015,3,49,0.023154933938893476
2015,3,50,0.02221406653005882
2015,3,51,0.021028942512564867
2015,3,52,0.02400162858977888
2015,3,53,0.021980609841881518
2015,3,54,0.03293421414808698
2015,3,55,0.024664481311880152
2015,3,56,0.02944492886689418
2015,3,57,0.02086673581725997
2015,3,58,0.02500143971826421
2015,3,59,0.024871287728090066
2015,3,60,0.028475720371834358
2015,3,61,0.024908994635298685
2015,3,62,0.022154439885317692
2015,3,63,0.023611771444141384
2015,3,64,0.01991045345977287
2015,3,65,0.019713119865416424
2015,3,66,0.022354097229056045
2015,3,67,0.02374873138020767
2015,3,68,0.02257711205164429
2015,3,69,0.023431858292449925
2015,3,70,0.018294996157497696
2015,3,71,0.02497178106803057
2015,3,72,0.02108005985200881
2015,3,73,0.023693891735700273
2015,3,74,0.011839410574278062
2015,3,75,0.02015693881920141
2015,3,76,0.030142045567963786
2015,3,77,0.022101938278522717
2015,4,1,0.02016698477093951
2015,4,2,0.017054461726853883
2015,4,3,0.023651688444456004
2015,4,4,0.021395073757576554
2015,4,5,0.023619608430138665
2015,4,6,0.02685589142423646
2015,4,7,0.030522151104814373
2015,4,8,0.025105725423975562
2015,4,9,0.015775759243967336
2015,4,10,0.015611888568669947
2015,4,11,0.018915938789810474
2015,4,12,0.016062418979901114
2015,4,13,0.016183235258379766
2015,4,14,0.02102873105220583
2015,4,15,0.01942665857715944
2015,4,16,0.021921763072152024
2015,4,17,0.017218601053291
2015,4,18,0.016692932792898792
2015,4,19,0.02107698734804871
2015,4,20,0.023717603921241826
2015,4,21,0.024891208166924087
2015,4,22,0.027599681190955495
2015,4,23,0.02748805580892173
2015,4,24,0.030327440542964712
2015,4,25,0.025924545975890497
2015,4,26,0.030466047394205945
2015,4,27,0.029641372040426935
2015,4,28,0.031883347071570325
2015,4,29,0.028736112061799417
2015,4,30,0.027367689578672243
2015,4,31,0.02972262331194498
2015,4,32,0.03139053137724908
2015,4,33,0.03241549791655377
2015,4,34,0.02922678663490193
2015,4,35,0.026609156171817118
2015,4,36,0.02313042341944076
2015,4,37,0.02225680549379971
2015,4,38,0.02273285703321694
2015,4,39,0.024212139228991188
2015,4,40,0.021879696684034503
2015,4,41,0.026798380963157783
2015,4,42,0.02253768091069464
2015,4,43,0.024151381628849236
2015,4,44,0.0185893442662533
2015,4,45,0.019966683467922113
2015,4,46,0.021875139265725558
2015,4,47,0.01924641404410191
2015,4,48,0.020827598862280947
2015,4,49,0.02295658740745446
2015,4,50,0.018478759519221948
2015,4,51,0.02072437838333792
2015,4,52,0.02381492095874959
2015,4,53,0.024155451901116645
2015,4,54,0.026164479921705352
2015,4,55,0.021694141154642115
2015,4,56,0.03007896971279167
2015,4,57,0.022351753803640913
2015,4,58,0.025918088815487655
2015,4,59,0.025240054647143236
2015,4,60,0.028765194430988485
2015,4,61,0.024397557349858674
2015,4,62,0.02406634619165585
2015,4,63,0.026086521099555213
2015,4,64,0.020476937118251385
2015,4,65,0.02223820278790994
2015,4,66,0.022505835020681795
2015,4,67,0.0234370805340619
2015,4,68,0.0214738763924987
2015,4,69,0.023210280985321262
2015,4,70,0.01670542836664978
2015,4,71,0.022388874196649332
2015,4,72,0.017060899675395
2015,4,73,0.02198879201356492
2015,4,74,0.016609836888237264
2015,4,75,0.017419538999500463
2015,4,76,0.030833403890370245
2015,4,77,0.022058496650722494
2015,5,1,0.020754969348095363
2015,5,2,0.017347448191378824
2015,5,3,0.023545713911317535
2015,5,4,0.021255990548009942
2015,5,5,0.023797117269784503
2015,5,6,0.026805752064379403
2015,5,7,0.030500603013355193
2015,5,8,0.024705378612550587
2015,5,9,0.016859670254086686
2015,5,10,0.01663156717890199
2015,5,11,0.01861352898972534
2015,5,12,0.017890653672355268
2015,5,13,0.017173356619240607
2015,5,14,0.021354734899242347
2015,5,15,0.01923815237781056
2015,5,16,0.021190891327127762
2015,5,17,0.016419961040323523
2015,5,18,0.016982750711074412
2015,5,19,0.019690176067787682
2015,5,20,0.022713855097647968
2015,5,21,0.025161990965034683
2015,5,22,0.027265923199301247
2015,5,23,0.02739017107307777
2015,5,24,0.030292069259051004
2015,5,25,0.024608026213216047
2015,5,26,0.029947330375009212
2015,5,27,0.030411053247832612
2015,5,28,0.031730520516723794
2015,5,29,0.027866022116151638
2015,5,30,0.027225585042310926
2015,5,31,0.030239968353938763
2015,5,32,0.03097005932378065
2015,5,33,0.03270790081949889
2015,5,34,0.029327155867765253
2015,5,35,0.02680515330040322
2015,5,36,0.023338774283131858
2015,5,37,0.02054715076854895
2015,5,38,0.022668138810292532
2015,5,39,0.023872000536942842
2015,5,40,0.01842524470882172
2015,5,41,0.02595795961169226
2015,5,42,0.02207359874041249
2015,5,43,0.022439784786934903
2015,5,44,0.019211360251822678
2015,5,45,0.019725905776568815
2015,5,46,0.022585592931323107
2015,5,47,0.020677459983818362
2015,5,48,0.022797620365888248
2015,5,49,0.022358085074848086
2015,5,50,0.02433908974497062
2015,5,51,0.02027611356107236
2015,5,52,0.022087748876043672
2015,5,53,0.025619396866833004
2015,5,54,0.027060968896229012
2015,5,55,0.025577505346291475
2015,5,56,0.0302411387140442
2015,5,57,0.019660510533647136
2015,5,58,0.024925324443628872
2015,5,59,0.025754306860830387
2015,5,60,0.028181916666490798
2015,5,61,0.025817999296408004
2015,5,62,0.018832170365860927
2015,5,63,0.02640745158407329
2015,5,64,0.020474842006633912
2015,5,65,0.022889494700406098
2015,5,66,0.0204655287153275
2015,5,67,0.020911009350315705
2015,5,68,0.022527925749619048
2015,5,69,0.02291287611919485
2015,5,70,0.017018653213126247
2015,5,71,0.023666442741587253
2015,5,72,0.019853933464843872
2015,5,73,0.022538885750020526
2015,5,74,0.01545732523672833
2015,5,75,0.016578143424643102
2015,5,76,0.03105368913644945
2015,5,77,0.022217321679033016
2015,6,1,0.02021580229491797
2015,6,2,0.01726644754818947
2015,6,3,0.023717330101905264
2015,6,4,0.02105794908734597
2015,6,5,0.02380646030565088
2015,6,6,0.026881448402969545
2015,6,7,0.030859466097782663
2015,6,8,0.025067831075628173
2015,6,9,0.016616913855192594
2015,6,10,0.016120869572076646
2015,6,11,0.018745163253833772
2015,6,12,0.01751839021258453
2015,6,13,0.016675100439176232
2015,6,14,0.020659958475922866
2015,6,15,0.019530986934671545
2015,6,16,0.02132808011441046
2015,6,17,0.01629134837513479
2015,6,18,0.01788586982641483
2015,6,19,0.020550045674642924
2015,6,20,0.023235753635493107
2015,6,21,0.024966471645846876
2015,6,22,0.027324857297446516
2015,6,23,0.027861746589230227
2015,6,24,0.03042982959372936
2015,6,25,0.02499862915603245
2015,6,26,0.030195066197822393
2015,6,27,0.0293588051791044
2015,6,28,0.03183852815996031
2015,6,29,0.028622253082705638
2015,6,30,0.026322392430685466
2015,6,31,0.02996108237798686
2015,6,32,0.03124622145464248
2015,6,33,0.032306433909762906
2015,6,34,0.029648475710179173
2015,6,35,0.026288950985905193
2015,6,36,0.023360294169542724
2015,6,37,0.021214675658317278
2015,6,38,0.02286944098239111
2015,6,39,0.024372634864830434
2015,6,40,0.01821610362719844
2015,6,41,0.02677387595381708
2015,6,42,0.023348541845651667
2015,6,43,0.023984856198955715
2015,6,44,0.021123967843197772
2015,6,45,0.018877241541018035
2015,6,46,0.02303794880510558
2015,6,47,0.01922653454445362
2015,6,48,0.02129221302754693
2015,6,49,0.02366523711852819
2015,6,50,0.02027569946645091
2015,6,51,0.02284983233146574
2015,6,52,0.02646012376262858
2015,6,53,0.017588491576930883
2015,6,54,0.022575975369809664
2015,6,55,0.024133712573018933
2015,6,56,0.030391279838215515
2015,6,57,0.018974589783838335
2015,6,58,0.0239270000763167
2015,6,59,0.02474223842239256
2015,6,60,0.027988768173505863
2015,6,61,0.02542807475888302
2015,6,62,0.02326425753345654
2015,6,63,0.0243469256681478
2015,6,64,0.020144523363826845
2015,6,65,0.020678258594874023
2015,6,66,0.018777348471204176
2015,6,67,0.02291665244896984
2015,6,68,0.02160775999545611
2015,6,69,0.022876830212928374
2015,6,70,0.01621512819254451
2015,6,71,0.02224179588341438
2015,6,72,0.017609109711623817
2015,6,73,0.02308538351561693
2015,6,74,0.014552449110665463
2015,6,75,0.01924086481025877
2015,6,76,0.031183711271365107
2015,6,77,0.022364509253485466
2015,7,1,0.019999416410292892
2015,7,2,0.01751161772064499
2015,7,3,0.023545360017139534
2015,7,4,0.021185646915212436
2015,7,5,0.023776435354806752
2015,7,6,0.027310904621985856
2015,7,7,0.030823802142182288
2015,7,8,0.0252350011996296
2015,7,9,0.01843780429693165
2015,7,10,0.016399107982565154
2015,7,11,0.0178451466073551
2015,7,12,0.016835112709141016
2015,7,13,0.016848913979794808
2015,7,14,0.02039969088761964
2015,7,15,0.019233687326618246
2015,7,16,0.021276167717088113
2015,7,17,0.017712532240470584
2015,7,18,0.019108816431898542
2015,7,19,0.020281767762373178
2015,7,20,0.022824402045576373
2015,7,21,0.02466873066878596
2015,7,22,0.02729095482575136
2015,7,23,0.027562810747823432
2015,7,24,0.03052514093819749
2015,7,25,0.024344194967646664
2015,7,26,0.029674201086985853
2015,7,27,0.02939772915785005
2015,7,28,0.031872753981105985
2015,7,29,0.0295128416361967
2015,7,30,0.0262238657714908
2015,7,31,0.02929302100728464
2015,7,32,0.03149451004127791
2015,7,33,0.032500829022655116
2015,7,34,0.02896151451968868
2015,7,35,0.026107441363640106
2015,7,36,0.023248381132238267
2015,7,37,0.020126659795970184
2015,7,38,0.02203982771467207
2015,7,39,0.023662010232811292
2015,7,40,0.020882076337278656
2015,7,41,0.02689859216361918
2015,7,42,0.02258024174644652
2015,7,43,0.022747584725747862
2015,7,44,0.021263317614314534
2015,7,45,0.019596716706543296
2015,7,46,0.024020618830872666
2015,7,47,0.021459665004944384
2015,7,48,0.01862178397370509
2015,7,49,0.022810818232284525
2015,7,50,0.022642632469222067
2015,7,51,0.023528807798006805
2015,7,52,0.023949236376982045
2015,7,53,0.020678812586327037
2015,7,54,0.030140379851362507
2015,7,55,0.019955959262317642
2015,7,56,0.030899301043422863
2015,7,57,0.021121002128434003
2015,7,58,0.02277345158612802
2015,7,59,0.024942990965830386
2015,7,60,0.02851414120561519
2015,7,61,0.0251230999785913
2015,7,62,0.01887565890922222
2015,7,63,0.02481961730516644
2015,7,64,0.020415869604006823
2015,7,65,0.017774427456508382
2015,7,66,0.02009292648457617
2015,7,67,0.021331065981795877
2015,7,68,0.02282344965389281
2015,7,69,0.023512605641700046
2015,7,70,0.01562898227156416
2015,7,71,0.021764876100136218
2015,7,72,0.016989043054125474
2015,7,73,0.022042917947689186
2015,7,74,0.015204117572195142
2015,7,75,0.019019205668469142
2015,7,76,0.03140012114137364
2015,7,77,0.022244050368621215
2015,8,1,0.019870135493308842
2015,8,2,0.017688907847055697
2015,8,3,0.023587708601918868
2015,8,4,0.02109114454656215
2015,8,5,0.02406130978426301
2015,8,6,0.02753230229205417
2015,8,7,0.030858224691014884
2015,8,8,0.025223257820895004
2015,8,9,0.016384354245625926
2015,8,10,0.0161934192191697
2015,8,11,0.018476025613383875
2015,8,12,0.016199477582282507
2015,8,13,0.016686476033867387
2015,8,14,0.020831517127000022
2015,8,15,0.019414606460610235
2015,8,16,0.02167483916158921
2015,8,17,0.01728889595546688
2015,8,18,0.01786521359417955
2015,8,19,0.020252532612274197
2015,8,20,0.022860962850079776
2015,8,21,0.02521669278776746
2015,8,22,0.027407234643699367
2015,8,23,0.027202192395197198
2015,8,24,0.030597249542946407
2015,8,25,0.024148595701849285
2015,8,26,0.028439330663424363
2015,8,27,0.02896065208893442
2015,8,28,0.03207710547110776
2015,8,29,0.029218080417744565
2015,8,30,0.027558344802275432
2015,8,31,0.030055761657174274
2015,8,32,0.03153081655306296
2015,8,33,0.03209316481155982
2015,8,34,0.030209547729117655
2015,8,35,0.026107820651832373
2015,8,36,0.023712901900010932
2015,8,37,0.020445861963600733
2015,8,38,0.02276817550487074
2015,8,39,0.023056414754269162
2015,8,40,0.021633701650216927
2015,8,41,0.026595668445200848
2015,8,42,0.021764544916408547
2015,8,43,0.023030560971980314
2015,8,44,0.020486053766400582
2015,8,45,0.021684439827270335
2015,8,46,0.023552553019755836
2015,8,47,0.018633540372670808
2015,8,48,0.021025698771363507
2015,8,49,0.02173102167435161
2015,8,50,0.017632175146626017
2015,8,51,0.023019754811662328
2015,8,52,0.017822147879951344
2015,8,53,0.01891835732366164
2015,8,54,0.018854940820258743
2015,8,55,0.01923505433001717
2015,8,56,0.03136547320236213
2015,8,57,0.022051544087120362
2015,8,58,0.023560278537799413
2015,8,59,0.025684489567718245
2015,8,60,0.02826552171117318
2015,8,61,0.02603724178537751
2015,8,62,0.018424582421279367
2015,8,63,0.02400317971719469
2015,8,64,0.019603984749723274
2015,8,65,0.01985078828301667
2015,8,66,0.02134637446906559
2015,8,67,0.026282192164703257
2015,8,68,0.023698494689147743
2015,8,69,0.02352427063409722
2015,8,70,0.01546326185054509
2015,8,71,0.021621659927031422
2015,8,72,0.020135291811592383
2015,8,73,0.020436587952383088
2015,8,74,0.013802052612952694
2015,8,75,0.014998553148842169
2015,8,76,0.03166105622881626
2015,8,77,0.02211264281796383
2015,9,1,0.02035961409307315
2015,9,2,0.017054739209928123
2015,9,3,0.023550439425298123
2015,9,4,0.021294230030610914
2015,9,5,0.023385160240476852
2015,9,6,0.02725292118680442
2015,9,7,0.0304674847413042
2015,9,8,0.024915937966379555
2015,9,9,0.015456252161454475
2015,9,10,0.015462962962962963
2015,9,11,0.019326876760041502
2015,9,12,0.016457185421169414
2015,9,13,0.016911411756322728
2015,9,14,0.020674874103458855
2015,9,15,0.018884165578695458
2015,9,16,0.02150412707476355
2015,9,17,0.016179653906806424
2015,9,18,0.01777163678382702
2015,9,19,0.020385762568080393
2015,9,20,0.02274043060981505
2015,9,21,0.024985865074119214
2015,9,22,0.027470978311494837
2015,9,23,0.02762661833448144
2015,9,24,0.030464661038566904
2015,9,25,0.02423564228213367
2015,9,26,0.030228074347456207
2015,9,27,0.02982083443179823
2015,9,28,0.03175765752922701
2015,9,29,0.029026158139368343
2015,9,30,0.026359097227936983
2015,9,31,0.02990930301980364
2015,9,32,0.031109846211832805
2015,9,33,0.03210593509860683
2015,9,34,0.029842755917672072
2015,9,35,0.02650350626087329
2015,9,36,0.020958222233428518
2015,9,37,0.02017315869686835
2015,9,38,0.02244643344902464
2015,9,39,0.02312747646383903
2015,9,40,0.019848537289732276
2015,9,41,0.024746422295225393
2015,9,42,0.022041432628979275
2015,9,43,0.0221229328486875
2015,9,44,0.019955555070525398
2015,9,45,0.02478505853208335
2015,9,46,0.023261260255479907
2015,9,47,0.01620621882258633
2015,9,48,0.02034995115579951
2015,9,49,0.0232494126834764
2015,9,50,0.02323297699020243
2015,9,51,0.021939130501269232
2015,9,52,0.02055550809786409
2015,9,53,0.020258980785296574
2015,9,54,0.02214079273327828
2015,9,55,0.02223445576046732
2015,9,56,0.030849091225256812
2015,9,57,0.019484236687051463
2015,9,58,0.024773378337925544
2015,9,59,0.025530570906293452
2015,9,60,0.02822251786606315
2015,9,61,0.026602195238580838
2015,9,62,0.021198275071107445
2015,9,63,0.024229166364852395
2015,9,64,0.020740719088460664
2015,9,65,0.02065105625001978
2015,9,66,0.021263564763435903
2015,9,67,0.021492295214922956
2015,9,68,0.020414979093756964
2015,9,69,0.021617949819957728
2015,9,70,0.01649021843804959
2015,9,71,0.02104402889877438
2015,9,72,0.018378170564418306
2015,9,73,0.020829783422681852
2015,9,74,0.01579686209744013
2015,9,75,0.018549830550931574
2015,9,76,0.03148355099382336
2015,9,77,0.022234879799921226
2015,10,1,0.019961259480701935
2015,10,2,0.017298202589521052
2015,10,3,0.023427675650760794
2015,10,4,0.021102993837206943
2015,10,5,0.02370637863842774
2015,10,6,0.027021402572621995
2015,10,7,0.030621266827047883
2015,10,8,0.024958063597399088
2015,10,9,0.016694594546739362
2015,10,10,0.01472570768923792
2015,10,11,0.018866464376373543
2015,10,12,0.01654526760783136
2015,10,13,0.016466513891787136
2015,10,14,0.0208857768323965
2015,10,15,0.018752367433696696
2015,10,16,0.021564373956781995
2015,10,17,0.016117176907157638
2015,10,18,0.017447252839311145
2015,10,19,0.020689181568391522
2015,10,20,0.022293417885903437
2015,10,21,0.025086393952701444
2015,10,22,0.02779416854295803
2015,10,23,0.027513339747523333
2015,10,24,0.03067981535286659
2015,10,25,0.024721907831522116
2015,10,26,0.029634191287958307
2015,10,27,0.02976882672519279
2015,10,28,0.03209412067123375
2015,10,29,0.02896799062149683
2015,10,30,0.02659030115677514
2015,10,31,0.02989893619101073
2015,10,32,0.03087430877853556
2015,10,33,0.03188234754285579
2015,10,34,0.02741564060826751
2015,10,35,0.025943969928975363
2015,10,36,0.022429107139157477
2015,10,37,0.020319991980236037
2015,10,38,0.021049321283381838
2015,10,39,0.024291362560722392
2015,10,40,0.018559880811924303
2015,10,41,0.02587745129826995
2015,10,42,0.021863351471474054
2015,10,43,0.021860193751782758
2015,10,44,0.020502759378666403
2015,10,45,0.019220215806539286
2015,10,46,0.021660852615199667
2015,10,47,0.019052930978699152
2015,10,48,0.01996327986366112
2015,10,49,0.023642577404148962
2015,10,50,0.02275707971049691
2015,10,51,0.021145670856653514
2015,10,52,0.0244721737978
2015,10,53,0.0198642077254794
2015,10,54,0.022856719388511294
2015,10,55,0.023309060881315218
2015,10,56,0.03094578365699304
2015,10,57,0.02142204933137449
2015,10,58,0.023421904563523055
2015,10,59,0.025844830600670433
2015,10,60,0.028339814158892234
2015,10,61,0.02519994759663469
2015,10,62,0.02002764015047252
2015,10,63,0.023293899287396395
2015,10,64,0.02038882666136143
2015,10,65,0.0209090449728801
2015,10,66,0.02254212493974767
2015,10,67,0.023949805084854996
2015,10,68,0.02143383035812191
2015,10,69,0.02202169377311799
2015,10,70,0.01754231231964685
2015,10,71,0.021866716438733225
2015,10,72,0.01789275694052086
2015,10,73,0.02000531046773821
2015,10,74,0.013721265888895946
2015,10,75,0.01759008034813155
2015,10,76,0.03167444942401853
2015,10,77,0.02220496199229794
2015,11,1,0.01966330065251059
2015,11,2,0.017108558600352066
2015,11,3,0.023544250940923717
2015,11,4,0.021088019152560204
2015,11,5,0.023987032141768595
2015,11,6,0.02683114793233963
2015,11,7,0.03086630841042392
2015,11,8,0.025243650510596384
2015,11,9,0.017162237774859777
2015,11,10,0.014577511135282132
2015,11,11,0.018981967588949277
2015,11,12,0.015754557316065086
2015,11,13,0.01646888072903566
2015,11,14,0.020498683698622344
2015,11,15,0.01845022300705741
2015,11,16,0.02149184671123034
2015,11,17,0.016379685866747613
2015,11,18,0.017599658805273997
2015,11,19,0.02032096584317663
2015,11,20,0.022807546486149403
2015,11,21,0.024748455886570573
2015,11,22,0.027728458007765577
2015,11,23,0.027188933222034226
2015,11,24,0.030787889491446882
2015,11,25,0.024756316259206424
2015,11,26,0.03159838930823218
2015,11,27,0.03014813896652854
2015,11,28,0.03204252562299579
2015,11,29,0.029562238893370195
2015,11,30,0.025993694268618344
2015,11,31,0.029887331947019775
2015,11,32,0.03118683880728656
2015,11,33,0.03212662273612602
2015,11,34,0.028867513375540742
2015,11,35,0.02586140116901863
2015,11,36,0.022731033646599296
2015,11,37,0.019497660335810622
2015,11,38,0.02229189646902951
2015,11,39,0.02283694480226272
2015,11,40,0.019364013863361243
2015,11,41,0.024569404167668254
2015,11,42,0.020079455491463418
2015,11,43,0.02358005905774952
2015,11,44,0.021455467222213226
2015,11,45,0.020311100986803603
2015,11,46,0.02294099443114825
2015,11,47,0.017930367641350302
2015,11,48,0.019585084074254633
2015,11,49,0.02295258227128702
2015,11,50,0.02276411235948808
2015,11,51,0.022726149893779947
2015,11,52,0.019207459882847774
2015,11,53,0.022303857563973167
2015,11,54,0.03107100258215039
2015,11,55,0.027606625872521832
2015,11,56,0.0299605497021571
2015,11,57,0.021175892525147164
2015,11,58,0.024753676720859274
2015,11,59,0.024673121967321684
2015,11,60,0.028421152994124108
2015,11,61,0.02505261811620193
2015,11,62,0.02015446018336192
2015,11,63,0.020589044866501514
2015,11,64,0.019262579791068643
2015,11,65,0.018951110023685488
2015,11,66,0.02175798584914067
2015,11,67,0.02448777331675479
2015,11,68,0.02537052328959843
2015,11,69,0.023133047374376856
2015,11,70,0.015961410646311253
2015,11,71,0.019635711109699562
2015,11,72,0.01968742530577515
2015,11,73,0.0211041277996962
2015,11,74,0.014005536422003358
2015,11,75,0.016289472523989455
2015,11,76,0.030784103785682724
2015,11,77,0.022412107861422184
2015,12,1,0.020192834730632776
2015,12,2,0.017622603650993204
2015,12,3,0.024261847006232448
2015,12,4,0.02177146569802806
2015,12,5,0.025071766126029134
2015,12,6,0.02767988479991717
2015,12,7,0.03171032197922167
2015,12,8,0.02678610980613652
2015,12,9,0.01906637814896271
2015,12,10,0.016010643178273238
2015,12,11,0.019251676848704095
2015,12,12,0.019093192187280984
2015,12,13,0.017036243873568405
2015,12,14,0.020997844184309594
2015,12,15,0.019210902801140437
2015,12,16,0.022390518328219033
2015,12,17,0.0159970914984981
2015,12,18,0.01867987466950991
2015,12,19,0.021556766769227603
2015,12,20,0.022960774603326572
2015,12,21,0.025332014499023867
2015,12,22,0.028427759752574288
2015,12,23,0.02754586654642355
2015,12,24,0.031459309084526856
2015,12,25,0.02452947200004287
2015,12,26,0.031998020788276765
2015,12,27,0.03119875187516016
2015,12,28,0.032624316298524615
2015,12,29,0.028870734369319508
2015,12,30,0.02602967196894937
2015,12,31,0.03093580622754828
2015,12,32,0.033235954253902175
2015,12,33,0.032892114064761606
2015,12,34,0.029427146282330355
2015,12,35,0.0267058866112424
2015,12,36,0.02227952012073753
2015,12,37,0.019070450243995073
2015,12,38,0.023687760729573043
2015,12,39,0.023865808655375367
2015,12,40,0.021450338016566033
2015,12,41,0.02641539444747637
2015,12,42,0.02229272221732639
2015,12,43,0.023774938091564845
2015,12,44,0.02126878710324781
2015,12,45,0.01962890942939423
2015,12,46,0.025029080310920708
2015,12,47,0.016900123354843973
2015,12,48,0.022593563881755454
2015,12,49,0.02338923119269941
2015,12,50,0.02169350399119185
2015,12,51,0.025030032625139496
2015,12,52,0.020159851566402626
2015,12,53,0.022238012021585086
2015,12,54,0.023363873487738062
2015,12,55,0.02784659143040646
2015,12,56,0.029921119200052578
2015,12,57,0.02219958445986214
2015,12,58,0.026249355593972384
2015,12,59,0.02566543916720579
2015,12,60,0.030118400207746556
2015,12,61,0.0254298662592486
2015,12,62,0.02138994699128953
2015,12,63,0.023493954129792282
2015,12,64,0.02181330116514424
2015,12,65,0.01799446019099198
2015,12,66,0.023185354903990412
2015,12,67,0.027907356702610728
2015,12,68,0.025328437912537215
2015,12,69,0.02138132117214909
2015,12,70,0.016621080204895233
2015,12,71,0.021271829219806096
2015,12,72,0.021956635391092463
2015,12,73,0.023327240090245876
2015,12,74,0.020994717732950596
2015,12,75,0.024296065409799835
2015,12,76,0.03073968821908757
2015,12,77,0.022862394786837905
2016,1,1,0.01916282180654434
2016,1,2,0.016703274227104967
2016,1,3,0.023490613000276567
2016,1,4,0.021158140812115887
2016,1,5,0.023875489153008207
2016,1,6,0.02723619297716775
2016,1,7,0.03091216157222943
2016,1,8,0.02676071932910285
2016,1,9,0.016919931585145844
2016,1,10,0.014606452618108922
2016,1,11,0.018912829751234008
2016,1,12,0.016175899671910462
2016,1,13,0.015806696531889722
2016,1,14,0.020148212833196087
2016,1,15,0.018041434158235253
2016,1,16,0.02122020635186981
2016,1,17,0.015356041072686113
2016,1,18,0.017850562316590934
2016,1,19,0.019860762034576304
2016,1,20,0.02344130432320761
2016,1,21,0.02498767212846487
2016,1,22,0.02778529858573669
2016,1,23,0.028191511301841745
2016,1,24,0.031021342265000213
2016,1,25,0.025174598413910225
2016,1,26,0.03223261571598538
2016,1,27,0.031562773017326864
2016,1,28,0.032259996336401135
2016,1,29,0.028312288822537918
2016,1,30,0.026788098917241016
2016,1,31,0.030079965572808006
2016,1,32,0.03275146055327287
2016,1,33,0.03169886008328388
2016,1,34,0.029735772332177425
2016,1,35,0.026019246686256346
2016,1,36,0.021528401425639703
2016,1,37,0.019987872840348336
2016,1,38,0.022350543832991322
2016,1,39,0.022275236908320478
2016,1,40,0.021182272813822317
2016,1,41,0.023837375879556495
2016,1,42,0.019814128408144057
2016,1,43,0.022645616846051486
2016,1,44,0.020310592853945455
2016,1,45,0.02087394757676624
2016,1,46,0.02226228075402737
2016,1,47,0.017059414217410366
2016,1,48,0.023268088916313524
2016,1,49,0.021235918546939528
2016,1,50,0.025793650793650792
2016,1,51,0.02089671040950975
2016,1,52,0.017703677488978893
2016,1,53,0.0250940453252592
2016,1,54,0.023643497219054607
2016,1,55,0.021747108829290283
2016,1,56,0.029996077726823552
2016,1,57,0.02014566176415888
2016,1,58,0.02371225491969083
2016,1,59,0.024899129621795954
2016,1,60,0.028648523113249474
2016,1,61,0.02482453658633573
2016,1,62,0.01953459347156394
2016,1,63,0.023452956459775187
2016,1,64,0.02116894568153508
2016,1,65,0.019355634022820794
2016,1,66,0.019956978723838063
2016,1,67,0.02509447608364811
2016,1,68,0.023842041116640813
2016,1,69,0.02191308644523962
2016,1,70,0.0179661313420567
2016,1,71,0.023776607297720256
2016,1,72,0.01946093787547132
2016,1,73,0.023159794903308818
2016,1,74,0.014834864224716506
2016,1,75,0.020351896074439428
2016,1,76,0.03035420841695164
2016,1,77,0.021805309082302316
2016,2,1,0.01992475352468416
2016,2,2,0.016818532465312588
2016,2,3,0.023934288460137034
2016,2,4,0.02157495313482382
2016,2,5,0.024361119455663438
2016,2,6,0.027521505745249884
2016,2,7,0.031002948294087004
2016,2,8,0.026522196030529813
2016,2,9,0.014101800384260916
2016,2,10,0.014561356578779034
2016,2,11,0.018870639592387474
2016,2,12,0.01600711427301023
2016,2,13,0.016402759157301335
2016,2,14,0.020178254866880702
2016,2,15,0.01830839032573614
2016,2,16,0.021619578152144218
2016,2,17,0.015963564373968998
2016,2,18,0.017725295898706306
2016,2,19,0.02068971926132192
2016,2,20,0.02305952647369733
2016,2,21,0.025459342179168697
2016,2,22,0.027967776289910404
2016,2,23,0.027887006243106728
2016,2,24,0.031105379395547333
2016,2,25,0.025257020151047128
2016,2,26,0.03150397179721866
2016,2,27,0.031070893354130352
2016,2,28,0.031991791931418545
2016,2,29,0.028911900619429096
2016,2,30,0.027582420500375425
2016,2,31,0.03058742002397429
2016,2,32,0.03250836620244979
2016,2,33,0.03258470084408525
2016,2,34,0.02859917896705038
2016,2,35,0.02602414788702928
2016,2,36,0.02231279168404599
2016,2,37,0.021115365046000888
2016,2,38,0.022612857532486957
2016,2,39,0.02344822086566024
2016,2,40,0.018891133049169867
2016,2,41,0.02568424858414594
2016,2,42,0.021776907880295602
2016,2,43,0.023374394766179835
2016,2,44,0.02196908000273901
2016,2,45,0.020766554493013564
2016,2,46,0.023445562514057064
2016,2,47,0.016504203169541022
2016,2,48,0.020074896439700552
2016,2,49,0.02317760758767219
2016,2,50,0.021088857475650848
2016,2,51,0.019785563551046628
2016,2,52,0.020381496562481213
2016,2,53,0.022772731443251676
2016,2,54,0.024249931186347367
2016,2,55,0.01966350123864575
2016,2,56,0.02992362792973302
2016,2,57,0.022001548013108708
2016,2,58,0.02269092302450251
2016,2,59,0.024677874823937355
2016,2,60,0.028981099812133593
2016,2,61,0.02481920625612508
2016,2,62,0.022974349563944944
2016,2,63,0.023474094489784002
2016,2,64,0.02003195194740886
2016,2,65,0.021262144335362068
2016,2,66,0.02210171159022376
2016,2,67,0.0247529600156677
2016,2,68,0.023733186530874393
2016,2,69,0.022440757700873313
2016,2,70,0.016594068911106243
2016,2,71,0.02085467971236095
2016,2,72,0.019002037894226477
2016,2,73,0.022791761391632945
2016,2,74,0.01846652598097685
2016,2,75,0.01907590209016735
2016,2,76,0.03049288753053063
2016,2,77,0.022221309061820183
2016,3,1,0.019676145529060392
2016,3,2,0.017157619326023693
2016,3,3,0.023747425327933554
2016,3,4,0.02128043951218822
2016,3,5,0.02422415569916329
2016,3,6,0.027514923520645905
2016,3,7,0.03106926609193296
2016,3,8,0.026132559137209164
2016,3,9,0.016035687022075237
2016,3,10,0.014793476162226989
2016,3,11,0.019517188946109865
2016,3,12,0.016384590448904047
2016,3,13,0.016582328412376918
2016,3,14,0.020467900457588888
2016,3,15,0.01910466837362451
2016,3,16,0.02178549442676125
2016,3,17,0.015306960710528774
2016,3,18,0.018364324963554255
2016,3,19,0.02096177838653422
2016,3,20,0.022581059674076073
2016,3,21,0.025392261210076157
2016,3,22,0.028143278830170988
2016,3,23,0.028200140934541294
2016,3,24,0.031167799288381644
2016,3,25,0.025340070657496216
2016,3,26,0.03145839795991186
2016,3,27,0.03041924088066626
2016,3,28,0.03214258751269125
2016,3,29,0.0285997852310716
2016,3,30,0.027481960028712837
2016,3,31,0.030182268200641113
2016,3,32,0.031878711070937815
2016,3,33,0.03267328367266893
2016,3,34,0.028409500993993315
2016,3,35,0.026338151813589703
2016,3,36,0.023174387288634146
2016,3,37,0.020250279127240322
2016,3,38,0.021729492740555134
2016,3,39,0.023065435269601486
2016,3,40,0.019839121580210933
2016,3,41,0.025860940292523647
2016,3,42,0.01982820453111297
2016,3,43,0.023201837590284696
2016,3,44,0.02049989804081136
2016,3,45,0.019184791386578037
2016,3,46,0.02083705570927962
2016,3,47,0.014412049094130021
2016,3,48,0.02036884117808974
2016,3,49,0.02330625300350018
2016,3,50,0.019281938357082865
2016,3,51,0.01905961732551328
2016,3,52,0.02209624030433279
2016,3,53,0.02367940344818957
2016,3,54,0.03152916447714136
2016,3,55,0.028213597577759427
2016,3,56,0.03001572325041451
2016,3,57,0.022757009435116368
2016,3,58,0.0237776794583435
2016,3,59,0.024874759152215795
2016,3,60,0.028885334688223255
2016,3,61,0.024615717149186252
2016,3,62,0.020052045517431706
2016,3,63,0.02399999535435257
2016,3,64,0.020538189274893405
2016,3,65,0.018296479799369977
2016,3,66,0.020165013396885798
2016,3,67,0.02223674546013886
2016,3,68,0.023392853986267576
2016,3,69,0.02273266809015168
2016,3,70,0.017117013793314376
2016,3,71,0.021802246553370506
2016,3,72,0.019186523905920988
2016,3,73,0.022354010793317152
2016,3,74,0.016044375360934355
2016,3,75,0.01862365048781234
2016,3,76,0.030445062750760726
2016,3,77,0.021952678087207647
2016,4,1,0.0197143105059483
2016,4,2,0.01738951738598056
2016,4,3,0.023662362815280447
2016,4,4,0.020882186955933208
2016,4,5,0.023815928755395527
2016,4,6,0.02758648516136285
2016,4,7,0.03095208825471069
2016,4,8,0.025708919992736487
2016,4,9,0.014777856564423543
2016,4,10,0.014721899618378215
2016,4,11,0.018501008880094358
2016,4,12,0.015728698351530724
2016,4,13,0.01674326853114325
2016,4,14,0.02047114139461237
2016,4,15,0.017829698521138533
2016,4,16,0.021047265076284117
2016,4,17,0.014966845362356884
2016,4,18,0.0178718311514174
2016,4,19,0.020334243202740306
2016,4,20,0.022792101212139742
2016,4,21,0.025027506239360786
2016,4,22,0.02800882563660231
2016,4,23,0.027788734574971247
2016,4,24,0.031073821886393536
2016,4,25,0.025264724646126124
2016,4,26,0.03102865833106331
2016,4,27,0.02992223707945078
2016,4,28,0.032212492813369346
2016,4,29,0.028814483585996285
2016,4,30,0.02653148606905832
2016,4,31,0.030387432592349665
2016,4,32,0.031583430710797215
2016,4,33,0.032549801047317195
2016,4,34,0.02918107954741362
2016,4,35,0.026011979395513408
2016,4,36,0.022430784317787868
2016,4,37,0.020034549718052037
2016,4,38,0.022165893856332636
2016,4,39,0.023090840303397645
2016,4,40,0.020165118784258154
2016,4,41,0.026653576126544502
2016,4,42,0.021417350600445962
2016,4,43,0.022796450054321814
2016,4,44,0.020382264634443883
2016,4,45,0.016815962373891505
2016,4,46,0.022368972844136945
2016,4,47,0.026430177080466098
2016,4,48,0.02080616158731874
2016,4,49,0.024500569530881106
2016,4,50,0.01868095913248056
2016,4,51,0.024347130470685378
2016,4,52,0.0185970873632823
2016,4,53,0.020153225066519863
2016,4,54,0.024170413187754224
2016,4,55,0.024889133559653793
2016,4,56,0.030737799085220875
2016,4,57,0.022790664698179152
2016,4,58,0.024912362718583478
2016,4,59,0.025311938132936904
2016,4,60,0.02863051106757897
2016,4,61,0.022795348018577372
2016,4,62,0.02030867078617769
2016,4,63,0.022089038230384068
2016,4,64,0.01990721625837233
2016,4,65,0.016785768183474995
2016,4,66,0.02105140401288637
2016,4,67,0.020827368330781353
2016,4,68,0.023732600803891755
2016,4,69,0.022340167733429592
2016,4,70,0.016358516303726287
2016,4,71,0.023086928561257016
2016,4,72,0.02011178521950987
2016,4,73,0.021628168624283472
2016,4,74,0.013839190139768174
2016,4,75,0.01699416347876888
2016,4,76,0.03113192582700971
2016,4,77,0.02239512105359855
2016,5,1,0.02013378221180894
2016,5,2,0.0176121746572641
2016,5,3,0.023725217574988838
2016,5,4,0.02109279141533373
2016,5,5,0.02392775897895444
2016,5,6,0.02758751192724287
2016,5,7,0.031090899724161368
2016,5,8,0.025374853452173846
2016,5,9,0.016252641142913925
2016,5,10,0.014767516935146992
2016,5,11,0.018849309588456063
2016,5,12,0.01745995973567436
2016,5,13,0.016709369099851934
2016,5,14,0.02093773062778932
2016,5,15,0.01827685580426263
2016,5,16,0.021192591417655983
2016,5,17,0.0166413806388603
2016,5,18,0.019568597641560163
2016,5,19,0.02098862763065266
2016,5,20,0.022539372203602054
2016,5,21,0.025092902825279418
2016,5,22,0.02789496111501557
2016,5,23,0.027757180282656876
2016,5,24,0.031139374854980174
2016,5,25,0.024245133170200783
2016,5,26,0.03029313376134185
2016,5,27,0.03020897963094494
2016,5,28,0.032020007344400685
2016,5,29,0.028653718231030367
2016,5,30,0.026740309536429842
2016,5,31,0.029908788726018258
2016,5,32,0.031660267788621674
2016,5,33,0.03265958091236859
2016,5,34,0.029753777251970887
2016,5,35,0.025862377322744802
2016,5,36,0.02222752865013623
2016,5,37,0.02169244205210807
2016,5,38,0.02270334489017848
2016,5,39,0.023691015066129154
2016,5,40,0.018763798928183546
2016,5,41,0.026103826975499022
2016,5,42,0.021480878532420537
2016,5,43,0.022499388323087743
2016,5,44,0.021392009831316193
2016,5,45,0.019441016648264815
2016,5,46,0.022756901782500456
2016,5,47,0.02200105272815951
2016,5,48,0.02193126398328711
2016,5,49,0.02229644266184316
2016,5,50,0.021790053758910664
2016,5,51,0.025643205258982203
2016,5,52,0.025016409409472994
2016,5,53,0.02243325075695018
2016,5,54,0.02038479796710508
2016,5,55,0.022634230313833943
2016,5,56,0.030724356292535962
2016,5,57,0.022526079189760698
2016,5,58,0.02501655247319987
2016,5,59,0.023902982696966644
2016,5,60,0.02821464642733561
2016,5,61,0.025359865805978054
2016,5,62,0.020206700103448105
2016,5,63,0.022844308068296508
2016,5,64,0.020407842191587262
2016,5,65,0.018680522057160302
2016,5,66,0.019696307070503842
2016,5,67,0.022799159397881633
2016,5,68,0.023902354776207207
2016,5,69,0.0225060192172012
2016,5,70,0.014734943925695373
2016,5,71,0.023224094227458907
2016,5,72,0.020691743582413158
2016,5,73,0.020894802838824743
2016,5,74,0.014702488690927999
2016,5,75,0.02109928535747418
2016,5,76,0.03140145618622821
2016,5,77,0.022328890799576534
2016,6,1,0.01990658755284396
2016,6,2,0.01752757279922278
2016,6,3,0.0239848055138422
2016,6,4,0.021229148708096838
2016,6,5,0.02398441365072813
2016,6,6,0.027701968870865484
2016,6,7,0.031358675006753566
2016,6,8,0.02547182013859662
2016,6,9,0.01717962044497786
2016,6,10,0.015146171667125423
2016,6,11,0.01855875515595998
2016,6,12,0.01713194190940831
2016,6,13,0.01615747684522015
2016,6,14,0.020597173876723083
2016,6,15,0.018437703136743512
2016,6,16,0.021297003627261064
2016,6,17,0.015465049218145836
2016,6,18,0.016832646700930605
2016,6,19,0.02076515796100584
2016,6,20,0.0227743404728803
2016,6,21,0.02477899758556534
2016,6,22,0.02777275343879119
2016,6,23,0.028507995835997915
2016,6,24,0.031227984530884437
2016,6,25,0.02533432853425049
2016,6,26,0.030359928171654026
2016,6,27,0.029604377292238564
2016,6,28,0.03205514394583844
2016,6,29,0.029175237731033525
2016,6,30,0.026742201714299463
2016,6,31,0.029948238706169056
2016,6,32,0.031418369601193534
2016,6,33,0.03263964218231551
2016,6,34,0.028663865120956727
2016,6,35,0.026372342086890446
2016,6,36,0.021915254092518058
2016,6,37,0.020505202944907947
2016,6,38,0.023367208727478852
2016,6,39,0.023741809484064617
2016,6,40,0.020197205581185766
2016,6,41,0.026398701421827694
2016,6,42,0.0211608018118514
2016,6,43,0.023927868955867515
2016,6,44,0.020941157542557855
2016,6,45,0.0206457948911385
2016,6,46,0.02215848418652502
2016,6,47,0.018290668868703553
2016,6,48,0.01907031548041587
2016,6,49,0.023038548752834464
2016,6,50,0.01969790806496009
2016,6,51,0.025014240603113434
2016,6,52,0.02275039193863019
2016,6,53,0.02045447594580543
2016,6,54,0.022482949506070896
2016,6,55,0.019445591338654925
2016,6,56,0.03083890973868663
2016,6,57,0.02119362892945478
2016,6,58,0.02518392183069067
2016,6,59,0.025312210090630127
2016,6,60,0.02873537314208711
2016,6,61,0.023465929469607866
2016,6,62,0.02173921591758091
2016,6,63,0.022928653109817638
2016,6,64,0.020414408018775393
2016,6,65,0.017662985204114592
2016,6,66,0.021338971128331368
2016,6,67,0.0215784144907683
2016,6,68,0.02204381645614786
2016,6,69,0.021885966030825585
2016,6,70,0.0145803850042771
2016,6,71,0.021653362693825118
2016,6,72,0.01945637433924626
2016,6,73,0.0202154440774383
2016,6,74,0.015186190082969604
2016,6,75,0.01747951731895213
2016,6,76,0.03141377046763104
2016,6,77,0.02248900044903566
2016,7,1,0.020008038455818212
2016,7,2,0.01749291384734207
2016,7,3,0.023933948758122423
2016,7,4,0.021321101189498978
2016,7,5,0.02433039414596724
2016,7,6,0.02810453319588344
2016,7,7,0.03158522698746898
2016,7,8,0.02577121159687817
2016,7,9,0.018026806508279532
2016,7,10,0.01616924470271477
2016,7,11,0.018260997734713805
2016,7,12,0.017508118232474123
2016,7,13,0.01621112194242972
2016,7,14,0.02089892430801521
2016,7,15,0.01874544673195926
2016,7,16,0.021197453384794864
2016,7,17,0.015177935565454733
2016,7,18,0.01692923375997798
2016,7,19,0.020044289555409375
2016,7,20,0.02373142994419965
2016,7,21,0.02537127022946351
2016,7,22,0.02815255844278472
2016,7,23,0.027607096756840796
2016,7,24,0.031504201006452126
2016,7,25,0.025765676616122998
2016,7,26,0.029258427094157706
2016,7,27,0.029872771202250972
2016,7,28,0.03219920206882965
2016,7,29,0.02846031969815983
2016,7,30,0.0259683713440939
2016,7,31,0.030112872897933192
2016,7,32,0.03198515867809591
2016,7,33,0.03262668328641634
2016,7,34,0.028834948268378745
2016,7,35,0.025548873668860588
2016,7,36,0.025136504813051366
2016,7,37,0.01971281768969631
2016,7,38,0.02285914837525077
2016,7,39,0.02361017856662417
2016,7,40,0.01898405891040611
2016,7,41,0.027115615085930772
2016,7,42,0.022236143565777067
2016,7,43,0.022232798162728003
2016,7,44,0.020777552569460088
2016,7,45,0.019293157115605575
2016,7,46,0.021057855709513754
2016,7,47,0.02220740082011758
2016,7,48,0.018949936098298335
2016,7,49,0.02292182769061382
2016,7,50,0.02205894619189417
2016,7,51,0.023199611349900364
2016,7,52,0.02247688868300739
2016,7,53,0.018910647110481953
2016,7,54,0.023279403818902856
2016,7,55,0.02199054959170566
2016,7,56,0.03120793382244094
2016,7,57,0.019761885735088365
2016,7,58,0.025365152263560686
2016,7,59,0.02406889524538376
2016,7,60,0.028366778732964445
2016,7,61,0.02387906487919931
2016,7,62,0.018211289887590465
2016,7,63,0.02410028572203936
2016,7,64,0.0192303142461284
2016,7,65,0.02082499228452985
2016,7,66,0.02146156881862711
2016,7,67,0.022034855925942023
2016,7,68,0.02258589569043443
2016,7,69,0.021559900535113623
2016,7,70,0.015051691631963867
2016,7,71,0.024667684446601078
2016,7,72,0.01830520915462622
2016,7,73,0.021391146459597936
2016,7,74,0.013525561458814813
2016,7,75,0.020618938109148815
2016,7,76,0.03139922586825428
2016,7,77,0.022475582660074555
2016,8,1,0.01954240565341601
2016,8,2,0.01728223530697129
2016,8,3,0.023840537144234765
2016,8,4,0.021271135357650496
2016,8,5,0.024011009871067465
2016,8,6,0.028311987475900552
2016,8,7,0.031199286751715297
2016,8,8,0.02601869096573076
2016,8,9,0.01546649023841029
2016,8,10,0.015564812156467779
2016,8,11,0.018150858627253748
2016,8,12,0.01623482556605135
2016,8,13,0.01581554559013316
2016,8,14,0.020713930648406854
2016,8,15,0.017673677706279183
2016,8,16,0.0212119351459203
2016,8,17,0.015303677640948312
2016,8,18,0.018317643820533996
2016,8,19,0.02072813945342087
2016,8,20,0.0221574218019169
2016,8,21,0.02495478464099439
2016,8,22,0.027831236674840745
2016,8,23,0.0278941978415863
2016,8,24,0.031232309049778625
2016,8,25,0.02528516315233314
2016,8,26,0.028034968804477478
2016,8,27,0.02983672595563595
2016,8,28,0.032294666628726314
2016,8,29,0.03015230085395902
2016,8,30,0.026439429631918736
2016,8,31,0.03010644653006416
2016,8,32,0.032029700510723284
2016,8,33,0.03227253375930262
2016,8,34,0.028991117947585993
2016,8,35,0.025990618413063327
2016,8,36,0.023418907331844388
2016,8,37,0.020445622727338582
2016,8,38,0.0227299442284154
2016,8,39,0.023693652023310575
2016,8,40,0.019077343163009502
2016,8,41,0.027083000250805154
2016,8,42,0.02168945819873157
2016,8,43,0.022412368816668013
2016,8,44,0.02144725416904356
2016,8,45,0.021450744716640675
2016,8,46,0.020882444753016653
2016,8,47,0.022428663180108267
2016,8,48,0.02054299093975844
2016,8,49,0.024459648984834784
2016,8,50,0.0222667017716025
2016,8,51,0.021249251145544924
2016,8,52,0.017699551097110508
2016,8,53,0.02217328806924182
2016,8,54,0.029062299293513165
2016,8,55,0.022024539365579833
2016,8,56,0.03164906571835437
2016,8,57,0.020075861838867618
2016,8,58,0.02476680684118173
2016,8,59,0.024907311563665872
2016,8,60,0.028332541399677384
2016,8,61,0.024098176716889918
2016,8,62,0.01854324284230826
2016,8,63,0.023563685722270206
2016,8,64,0.020381178979444872
2016,8,65,0.020358029691264844
2016,8,66,0.020442704050512968
2016,8,67,0.019873086906463746
2016,8,68,0.02469396033436191
2016,8,69,0.021820200692443236
2016,8,70,0.0189730577412459
2016,8,71,0.022904911001009266
2016,8,72,0.01844471068300799
2016,8,73,0.022081356627429393
2016,8,74,0.01482420089157183
2016,8,75,0.018684756518058773
2016,8,76,0.03190629427825735
2016,8,77,0.02235307820220061
2016,9,1,0.019110244062182823
2016,9,2,0.017381315779601857
2016,9,3,0.023558781896269518
2016,9,4,0.02104152076863062
2016,9,5,0.02360101158918312
2016,9,6,0.027674755388339144
2016,9,7,0.030962575852510176
2016,9,8,0.025514819581078395
2016,9,9,0.01543437039164609
2016,9,10,0.014311946512937919
2016,9,11,0.018198501213473158
2016,9,12,0.01683986002464466
2016,9,13,0.016408752295679518
2016,9,14,0.020579740236627148
2016,9,15,0.01761549199603361
2016,9,16,0.02132279348540396
2016,9,17,0.014429876275996983
2016,9,18,0.016905645438079608
2016,9,19,0.020681015107343572
2016,9,20,0.021428860409789814
2016,9,21,0.02463411256911161
2016,9,22,0.027896657358464624
2016,9,23,0.028211102734307332
2016,9,24,0.03115760249421144
2016,9,25,0.02485581585260042
2016,9,26,0.030245961583091816
2016,9,27,0.029970515519648463
2016,9,28,0.03190246449314331
2016,9,29,0.030081218278723003
2016,9,30,0.026542461723330642
2016,9,31,0.030206571339950358
2016,9,32,0.03153260834830572
2016,9,33,0.03235324898575842
2016,9,34,0.029141187180799992
2016,9,35,0.025782891270645286
2016,9,36,0.02202692252238082
2016,9,37,0.019080983242832954
2016,9,38,0.023042339805345587
2016,9,39,0.02306310199809604
2016,9,40,0.01844137076796036
2016,9,41,0.02511553226352964
2016,9,42,0.021092242750848388
2016,9,43,0.0224040496915912
2016,9,44,0.020561886411597393
2016,9,45,0.017363261537755758
2016,9,46,0.022358991419581094
2016,9,47,0.02009030972697364
2016,9,48,0.021930097167837236
2016,9,49,0.02171835336575221
2016,9,50,0.02278649417377741
2016,9,51,0.0242243172156467
2016,9,52,0.01770498822521944
2016,9,53,0.024249460665645636
2016,9,54,0.0261170749610056
2016,9,55,0.026341032121378942
2016,9,56,0.03128902741883644
2016,9,57,0.020685760737700086
2016,9,58,0.024617080695476648
2016,9,59,0.023835617419076364
2016,9,60,0.02793474545073225
2016,9,61,0.024519653718905673
2016,9,62,0.019956876777686025
2016,9,63,0.02249818261378955
2016,9,64,0.01968315135945194
2016,9,65,0.01794218293897164
2016,9,66,0.02165621015531321
2016,9,67,0.021327461234975687
2016,9,68,0.025148896787499448
2016,9,69,0.022409004628394066
2016,9,70,0.017360955524687208
2016,9,71,0.02066334436276633
2016,9,72,0.01723696800492837
2016,9,73,0.02118848824051136
2016,9,74,0.013360922071306763
2016,9,75,0.020989884393063582
2016,9,76,0.03185265274713677
2016,9,77,0.02217344279089743
2016,10,1,0.019447335805577008
2016,10,2,0.018424211168739327
2016,10,3,0.023515107493959752
2016,10,4,0.020581342057801644
2016,10,5,0.023557416729385456
2016,10,6,0.02741689061001618
2016,10,7,0.030780899848734715
2016,10,8,0.02511256047561048
2016,10,9,0.014748428228833385
2016,10,10,0.014144397371385667
2016,10,11,0.01821780127856541
2016,10,12,0.016336256870938953
2016,10,13,0.016382990729648713
2016,10,14,0.02075391041519072
2016,10,15,0.017718313732916716
2016,10,16,0.020731059000977145
2016,10,17,0.015976153243682772
2016,10,18,0.019498377879880773
2016,10,19,0.020846374630404094
2016,10,20,0.021606918553053897
2016,10,21,0.024647585907028674
2016,10,22,0.027463140804982383
2016,10,23,0.028017388462605066
2016,10,24,0.030915718201701293
2016,10,25,0.024792510887140132
2016,10,26,0.030306928836710184
2016,10,27,0.029615048240610217
2016,10,28,0.032135978084911976
2016,10,29,0.028506336039307415
2016,10,30,0.02637888268105255
2016,10,31,0.029865098095422694
2016,10,32,0.030931719527207885
2016,10,33,0.032532468169412354
2016,10,34,0.028240892424535185
2016,10,35,0.025784633228484434
2016,10,36,0.023299453228804532
2016,10,37,0.02038071972526968
2016,10,38,0.023136092666538464
2016,10,39,0.023149630118328136
2016,10,40,0.02156002140263572
2016,10,41,0.02675120277331582
2016,10,42,0.021887096830390904
2016,10,43,0.023105565311113234
2016,10,44,0.02059700820743464
2016,10,45,0.019538423283082744
2016,10,46,0.01975921687292289
2016,10,47,0.0244079033975993
2016,10,48,0.020851082886590728
2016,10,49,0.022859351114470156
2016,10,50,0.021116755220801465
2016,10,51,0.02178040328329345
2016,10,52,0.02352592815020561
2016,10,53,0.02493695557279373
2016,10,54,0.02711257913570052
2016,10,55,0.02477092034769843
2016,10,56,0.031199896532668376
2016,10,57,0.021490532034312802
2016,10,58,0.02430022566374919
2016,10,59,0.02465787398682223
2016,10,60,0.028041744572879206
2016,10,61,0.024218613328439918
2016,10,62,0.023289910514164375
2016,10,63,0.023454291089464247
2016,10,64,0.02034257206588293
2016,10,65,0.01819780998573106
2016,10,66,0.022692363893391507
2016,10,67,0.020104673211609622
2016,10,68,0.025925294303027396
2016,10,69,0.02488291813296475
2016,10,70,0.016932297713731063
2016,10,71,0.02208428907850873
2016,10,72,0.018041299601094744
2016,10,73,0.021761338587787202
2016,10,74,0.012749293096113905
2016,10,75,0.017905982509476694
2016,10,76,0.03188780202133215
2016,10,77,0.022059140614891642
2016,11,1,0.019385363835535446
2016,11,2,0.017627701343232476
2016,11,3,0.02374164007111985
2016,11,4,0.021247140163791294
2016,11,5,0.024435912221237734
2016,11,6,0.027641577282747673
2016,11,7,0.03161890427665344
2016,11,8,0.025476376000492074
2016,11,9,0.015884915978357676
2016,11,10,0.01500676945670214
2016,11,11,0.018067544051637418
2016,11,12,0.01720366418736693
2016,11,13,0.01669752810961892
2016,11,14,0.02087180408451114
2016,11,15,0.01793956163189357
2016,11,16,0.02116248664354442
2016,11,17,0.016723988666414124
2016,11,18,0.015895455107568703
2016,11,19,0.020595129099618095
2016,11,20,0.022646897864300294
2016,11,21,0.025158943384132666
2016,11,22,0.02826006702062012
2016,11,23,0.028288607009445365
2016,11,24,0.03164156347389621
2016,11,25,0.024592376913336645
2016,11,26,0.03176520370895317
2016,11,27,0.029655245776600152
2016,11,28,0.03227574940715016
2016,11,29,0.028894154629263945
2016,11,30,0.02693967648229953
2016,11,31,0.030360049191335326
2016,11,32,0.03153208147247593
2016,11,33,0.032662868104036534
2016,11,34,0.026967219959361282
2016,11,35,0.026223571847296488
2016,11,36,0.024753427894253513
2016,11,37,0.02617786035416093
2016,11,38,0.023185023851620683
2016,11,39,0.023965469001111062
2016,11,40,0.0182480313898199
2016,11,41,0.025347301723405633
2016,11,42,0.02079938896436193
2016,11,43,0.02299188867829015
2016,11,44,0.021803019645023493
2016,11,45,0.019123546768683733
2016,11,46,0.020694601221726432
2016,11,47,0.02099144089234923
2016,11,48,0.018682906688687034
2016,11,49,0.023782076768589296
2016,11,50,0.023684040090024446
2016,11,51,0.025417127864551303
2016,11,52,0.021246464573933782
2016,11,53,0.024117335416981134
2016,11,54,0.03092791387589075
2016,11,55,0.025181209285255527
2016,11,56,0.03041995796421926
2016,11,57,0.023110140320656822
2016,11,58,0.026784286716971285
2016,11,59,0.022528872706012365
2016,11,60,0.02777203088548845
2016,11,61,0.0242999059139566
2016,11,62,0.020162163747170603
2016,11,63,0.023327828241123037
2016,11,64,0.019231646415791753
2016,11,65,0.01832895923779001
2016,11,66,0.02169734276933436
2016,11,67,0.02139716914201974
2016,11,68,0.02694988018956294
2016,11,69,0.022879925091423857
2016,11,70,0.016827446898798056
2016,11,71,0.02120174124027689
2016,11,72,0.017879186001188218
2016,11,73,0.023494947111792695
2016,11,74,0.012627071197320101
2016,11,75,0.0183431887139282
2016,11,76,0.03129197938999186
2016,11,77,0.022198052780162188
2016,12,1,0.019936685945477615
2016,12,2,0.018232670008215733
2016,12,3,0.0243164666629704
2016,12,4,0.022057796395284483
2016,12,5,0.02580314933754878
2016,12,6,0.02837738763344271
2016,12,7,0.03235862023765069
2016,12,8,0.027643355485747322
2016,12,9,0.018398450759601552
2016,12,10,0.015144581310756746
2016,12,11,0.01926787814154824
2016,12,12,0.017691536553720917
2016,12,13,0.01605692136571358
2016,12,14,0.021100759355978226
2016,12,15,0.019134319697169576
2016,12,16,0.022248782236302753
2016,12,17,0.01636383262360821
2016,12,18,0.016972199284338012
2016,12,19,0.02135835520467897
2016,12,20,0.024264304947192436
2016,12,21,0.025762379847794097
2016,12,22,0.029061682160789876
2016,12,23,0.028699004731887846
2016,12,24,0.03235266514391039
2016,12,25,0.02560499269024777
2016,12,26,0.030100856112416807
2016,12,27,0.03136067529131114
2016,12,28,0.03309026189535789
2016,12,29,0.028891686931623875
2016,12,30,0.026837324525185793
2016,12,31,0.030979578357426703
2016,12,32,0.033992968369721356
2016,12,33,0.03280861001820308
2016,12,34,0.030138812342191016
2016,12,35,0.02706085133304115
2016,12,36,0.023452475193300577
2016,12,37,0.022105761360611702
2016,12,38,0.023702301758079997
2016,12,39,0.024438879548488016
2016,12,40,0.020863501637565472
2016,12,41,0.027238868989909095
2016,12,42,0.0198512657082419
2016,12,43,0.023426194823220222
2016,12,44,0.02277731902009358
2016,12,45,0.01836414291685417
2016,12,46,0.021541294745258413
2016,12,47,0.013848747591522157
2016,12,48,0.021470939049993795
2016,12,49,0.024645977140505454
2016,12,50,0.02221820809248555
2016,12,51,0.021465689095746896
2016,12,52,0.02286502269501249
2016,12,53,0.02219950279405275
2016,12,54,0.02712277375090477
2016,12,55,0.017979478239593845
2016,12,56,0.031608958038487914
2016,12,57,0.022747889281862457
2016,12,58,0.025771529051388763
2016,12,59,0.0256831108100836
2016,12,60,0.030116075454902164
2016,12,61,0.024639524189602732
2016,12,62,0.02249747683273695
2016,12,63,0.028648094038267447
2016,12,64,0.020729910461294344
2016,12,65,0.018762032751443544
2016,12,66,0.02217047934872637
2016,12,67,0.022992935131663454
2016,12,68,0.026531051639433145
2016,12,69,0.022486360049020448
2016,12,70,0.01753182540410726
2016,12,71,0.023861249508144028
2016,12,72,0.020740744177127887
2016,12,73,0.023150491265352346
2016,12,74,0.0149576509312781
2016,12,75,0.020059816904710932
2016,12,76,0.03168895796959868
2016,12,77,0.022897039391375225
2017,1,1,0.019307884668940668
2017,1,2,0.017509835927216826
2017,1,3,0.023765332361758592
2017,1,4,0.020821407091902125
2017,1,5,0.02476593385113114
2017,1,6,0.02781949241654175
2017,1,7,0.03145381324701775
2017,1,8,0.027394915930678207
2017,1,9,0.015403732579620275
2017,1,10,0.014006404933061666
2017,1,11,0.018565264558967273
2017,1,12,0.015137543545479172
2017,1,13,0.016232236023042516
2017,1,14,0.020420500430134342
2017,1,15,0.01822402501593253
2017,1,16,0.021602123111057657
2017,1,17,0.014821003829241956
2017,1,18,0.015393639865939664
2017,1,19,0.0202748931270317
2017,1,20,0.02324879356236989
2017,1,21,0.025204203039819063
2017,1,22,0.028072543833952895
2017,1,23,0.028399072759873946
2017,1,24,0.031768354324784885
2017,1,25,0.025055999758277072
2017,1,26,0.03188365905128911
2017,1,27,0.030185252870745142
2017,1,28,0.03252646677822816
2017,1,29,0.028659390370875667
2017,1,30,0.025666409968546747
2017,1,31,0.03019277064497001
2017,1,32,0.03304786228561637
2017,1,33,0.03193538124653755
2017,1,34,0.029726018989553352
2017,1,35,0.02607268133279694
2017,1,36,0.023688658804265746
2017,1,37,0.024269863416763952
2017,1,38,0.023138671463592088
2017,1,39,0.022951861982750708
2017,1,40,0.018451034598307776
2017,1,41,0.025541413979974486
2017,1,42,0.02082818701315811
2017,1,43,0.023415551661709846
2017,1,44,0.020204568855821264
2017,1,45,0.019821930056544132
2017,1,46,0.02713138068013459
2017,1,47,0.023682091119470693
2017,1,48,0.022953176132366887
2017,1,49,0.024536982423027015
2017,1,50,0.016190323271248128
2017,1,51,0.022458561525733143
2017,1,52,0.017759019685801958
2017,1,53,0.023115990134011218
2017,1,54,0.018751720341315715
2017,1,55,0.022208969222456694
2017,1,56,0.03142243097933555
2017,1,57,0.019935973779045945
2017,1,58,0.02326778764380958
2017,1,59,0.025413628087909028
2017,1,60,0.028750902555878678
2017,1,61,0.02667475505457435
2017,1,62,0.021981702122081975
2017,1,63,0.020313961754186483
2017,1,64,0.019288183329879766
2017,1,65,0.020476027552900768
2017,1,66,0.022391588069304243
2017,1,67,0.019356348632902105
2017,1,68,0.02589145538326656
2017,1,69,0.022645294862124053
2017,1,70,0.016787522994288845
2017,1,71,0.023355744890897458
2017,1,72,0.019973781503286225
2017,1,73,0.02369893043922771
2017,1,74,0.015227696730586906
2017,1,75,0.02025981175444429
2017,1,76,0.0315204204184518
2017,1,77,0.022181165380242947
2017,2,1,0.020098411267450583
2017,2,2,0.01732037598437703
2017,2,3,0.024056754919299327
2017,2,4,0.02157315829642419
2017,2,5,0.024715722164678315
2017,2,6,0.02812438154241654
2017,2,7,0.03155446028814483
2017,2,8,0.027073311008972676
2017,2,9,0.015325117468075314
2017,2,10,0.013624266714145006
2017,2,11,0.01854348304310001
2017,2,12,0.014765312017468755
2017,2,13,0.016432085355695146
2017,2,14,0.020705429905109554
2017,2,15,0.01841727119090535
2017,2,16,0.021953618828635356
2017,2,17,0.01770288097365845
2017,2,18,0.01815236192243257
2017,2,19,0.021304001072787192
2017,2,20,0.02299889782599702
2017,2,21,0.02556309618623908
2017,2,22,0.028518646764796884
2017,2,23,0.02805214093090918
2017,2,24,0.03180536177926967
2017,2,25,0.024322283826825518
2017,2,26,0.0319467813491891
2017,2,27,0.030338289346747448
2017,2,28,0.03229397863017955
2017,2,29,0.02959549015653138
2017,2,30,0.027512464768409576
2017,2,31,0.030302101835535142
2017,2,32,0.03296219989564309
2017,2,33,0.03289764037311941
2017,2,34,0.028716756551457556
2017,2,35,0.026175434908761855
2017,2,36,0.02240840138238982
2017,2,37,0.02408624254030723
2017,2,38,0.022219370485266433
2017,2,39,0.025006686631004034
2017,2,40,0.018987529746325563
2017,2,41,0.026552604741761614
2017,2,42,0.02285279205846052
2017,2,43,0.02411632469435937
2017,2,44,0.020053107948381665
2017,2,45,0.02105269596599076
2017,2,46,0.024204121904549146
2017,2,47,0.01848793467290577
2017,2,48,0.02294332709733905
2017,2,49,0.024428614987381848
2017,2,50,0.0240806078956368
2017,2,51,0.02223161075157311
2017,2,52,0.025254610514726123
2017,2,53,0.020292381564057865
2017,2,54,0.02620653270942288
2017,2,55,0.014817873199376089
2017,2,56,0.031296239243213994
2017,2,57,0.02234377029775645
2017,2,58,0.024362186822497817
2017,2,59,0.023202261060553172
2017,2,60,0.029171292729891475
2017,2,61,0.025179135034340203
2017,2,62,0.022042953834861347
2017,2,63,0.02242883962537142
2017,2,64,0.020327334530472436
2017,2,65,0.01950127942420813
2017,2,66,0.022776247156345478
2017,2,67,0.024262137417587454
2017,2,68,0.024922740432780862
2017,2,69,0.023927597508569744
2017,2,70,0.017856718081509345
2017,2,71,0.023997784370295608
2017,2,72,0.01998606523534269
2017,2,73,0.021155388626953053
2017,2,74,0.014157262134140747
2017,2,75,0.019407005152082057
2017,2,76,0.03167213320064099
2017,2,77,0.02269477492236907
2017,3,1,0.019804258557894614
2017,3,2,0.01745671831051266
2017,3,3,0.024109105560707753
2017,3,4,0.021057787903849795
2017,3,5,0.02495478690682836
2017,3,6,0.02814785599352217
2017,3,7,0.03158064089074747
2017,3,8,0.026674126117120847
2017,3,9,0.017193503991191857
2017,3,10,0.01442179862218398
2017,3,11,0.018633217605762788
2017,3,12,0.015742231914428768
2017,3,13,0.016180876809256447
2017,3,14,0.02069525678379998
2017,3,15,0.017897652954035028
2017,3,16,0.02167932420822594
2017,3,17,0.015508199250973822
2017,3,18,0.02289906625166741
2017,3,19,0.02103372946749011
2017,3,20,0.022574092288020344
2017,3,21,0.025881518613995184
2017,3,22,0.028511334615214518
2017,3,23,0.028643582301933382
2017,3,24,0.03194381967841651
2017,3,25,0.0251669320601307
2017,3,26,0.029763729366330524
2017,3,27,0.03073946341542397
2017,3,28,0.03259188612704151
2017,3,29,0.029088186334263945
2017,3,30,0.028272273888302994
2017,3,31,0.03082919501327682
2017,3,32,0.03245264447790254
2017,3,33,0.032601552235932564
2017,3,34,0.02780758508043551
2017,3,35,0.02658854189880301
2017,3,36,0.02329391154053968
2017,3,37,0.024561469359157217
2017,3,38,0.023948566636387367
2017,3,39,0.023820577341127157
2017,3,40,0.021622925885931673
2017,3,41,0.02707442531941961
2017,3,42,0.02260778215817373
2017,3,43,0.024516265508558382
2017,3,44,0.02137233235707058
2017,3,45,0.022411552758373574
2017,3,46,0.02244854267975656
2017,3,47,0.02266951096430865
2017,3,48,0.023149786568448828
2017,3,49,0.024520414716946506
2017,3,50,0.02406948649723216
2017,3,51,0.023389360025748682
2017,3,52,0.020204228126703475
2017,3,53,0.02795254260985062
2017,3,54,0.023603082851637765
2017,3,55,0.027093464232192558
2017,3,56,0.031065564919667856
2017,3,57,0.021823758405096136
2017,3,58,0.02585919956495038
2017,3,59,0.026254087436376937
2017,3,60,0.029675878994341893
2017,3,61,0.024804722145762605
2017,3,62,0.021131525828057617
2017,3,63,0.026129793365095775
2017,3,64,0.021266530837507104
2017,3,65,0.020149760977884134
2017,3,66,0.02292033174164363
2017,3,67,0.022497341904006304
2017,3,68,0.02689259923152493
2017,3,69,0.022896341982783588
2017,3,70,0.013611995858073477
2017,3,71,0.024359742677588586
2017,3,72,0.018031904737107054
2017,3,73,0.02397796319804774
2017,3,74,0.014293800861842402
2017,3,75,0.018346098581554914
2017,3,76,0.03146885159139818
2017,3,77,0.022571244987932816
2017,4,1,0.019767384016996594
2017,4,2,0.017781738017304562
2017,4,3,0.02377214655272803
2017,4,4,0.021179869869657923
2017,4,5,0.0242268494281519
2017,4,6,0.028097732854601844
2017,4,7,0.031516751276008996
2017,4,8,0.026077675303480003
2017,4,9,0.01367635636834646
2017,4,10,0.01406683960871914
2017,4,11,0.018584291054754717
2017,4,12,0.014177515728037946
2017,4,13,0.016498491557365456
2017,4,14,0.021176600473189255
2017,4,15,0.018046177506247898
2017,4,16,0.02141896600932009
2017,4,17,0.015563713704252741
2017,4,18,0.017247776537619643
2017,4,19,0.020459779092841412
2017,4,20,0.02368777657794999
2017,4,21,0.024954686584403394
2017,4,22,0.02825459193315541
2017,4,23,0.028074546998301475
2017,4,24,0.03156063321340932
2017,4,25,0.02409589019785632
2017,4,26,0.029297019834671274
2017,4,27,0.030402580381432773
2017,4,28,0.03234892356770339
2017,4,29,0.030079483844044737
2017,4,30,0.02774764007478212
2017,4,31,0.03023503269206781
2017,4,32,0.03167655313285039
2017,4,33,0.032114093832225
2017,4,34,0.028117251284772788
2017,4,35,0.02558423392950433
2017,4,36,0.024459501986377894
2017,4,37,0.019426656764425333
2017,4,38,0.023426686816974816
2017,4,39,0.023710956242427753
2017,4,40,0.019568767776860257
2017,4,41,0.0268158423415761
2017,4,42,0.022561593680503676
2017,4,43,0.024587987159343933
2017,4,44,0.019807537658608727
2017,4,45,0.018967770412857115
2017,4,46,0.021073410815452057
2017,4,47,0.025887040750789715
2017,4,48,0.022472279395754503
2017,4,49,0.02397847014899038
2017,4,50,0.02287337141022112
2017,4,51,0.019923363321598792
2017,4,52,0.01723721635495289
2017,4,53,0.023300842494994138
2017,4,54,0.03418891641434994
2017,4,55,0.02837875034406826
2017,4,56,0.030832385083029087
2017,4,57,0.020216499003716804
2017,4,58,0.024197365201700457
2017,4,59,0.023430386070077785
2017,4,60,0.0283888902230835
2017,4,61,0.025881279055230823
2017,4,62,0.02186888323087745
2017,4,63,0.022659352758444412
2017,4,64,0.018970803807475404
2017,4,65,0.01708404253526348
2017,4,66,0.02045455642960967
2017,4,67,0.020610170850613847
2017,4,68,0.02696332996911032
2017,4,69,0.022733425537964175
2017,4,70,0.01736325015983701
2017,4,71,0.02392053616516398
2017,4,72,0.01647278766415982
2017,4,73,0.021267869296512202
2017,4,74,0.014113408009753655
2017,4,75,0.017901548248369058
2017,4,76,0.0317341875783537
2017,4,77,0.022484989380101968
2017,5,1,0.020011725500370604
2017,5,2,0.016740914676443886
2017,5,3,0.023778476140445443
2017,5,4,0.020941730765309766
2017,5,5,0.02439579629103034
2017,5,6,0.028112998685353906
2017,5,7,0.03131208245318368
2017,5,8,0.025529546462504243
2017,5,9,0.013947588579914622
2017,5,10,0.013590644685679009
2017,5,11,0.017122719194355686
2017,5,12,0.015633671199719708
2017,5,13,0.015217144291140386
2017,5,14,0.021144611670056327
2017,5,15,0.016630979881067706
2017,5,16,0.021150506692542353
2017,5,17,0.014780497256070156
2017,5,18,0.016529794279117462
2017,5,19,0.02018406574103645
2017,5,20,0.022163764955637856
2017,5,21,0.02478293627150624
2017,5,22,0.027863990295655373
2017,5,23,0.02791390276154538
2017,5,24,0.03162882877660714
2017,5,25,0.024433276370189914
2017,5,26,0.030606491666369
2017,5,27,0.030464846649817745
2017,5,28,0.032288860852014135
2017,5,29,0.02849661399757739
2017,5,30,0.0276050809962178
2017,5,31,0.030243960384996972
2017,5,32,0.03132562145274047
2017,5,33,0.032553653072113185
2017,5,34,0.027925727584068197
2017,5,35,0.026162516116881803
2017,5,36,0.023646103690262557
2017,5,37,0.024094913764224155
2017,5,38,0.0227775232149085
2017,5,39,0.02326171530994465
2017,5,40,0.018343538811652144
2017,5,41,0.026357583355318938
2017,5,42,0.022729135333140037
2017,5,43,0.022329130753136195
2017,5,44,0.018678633945549958
2017,5,45,0.025363183166651374
2017,5,46,0.02286222943357108
2017,5,47,0.021352621545299773
2017,5,48,0.021358826963250182
2017,5,49,0.023389074756692902
2017,5,50,0.02320931583937364
2017,5,51,0.023111865897338688
2017,5,52,0.024801889115853216
2017,5,53,0.022896448031633557
2017,5,54,0.02518579686209744
2017,5,55,0.016423525094045325
2017,5,56,0.030559965133406086
2017,5,57,0.022523719055510965
2017,5,58,0.024499695148119532
2017,5,59,0.024229452906589195
2017,5,60,0.028106579125347527
2017,5,61,0.022842722987231657
2017,5,62,0.01802096043317681
2017,5,63,0.023799052166732487
2017,5,64,0.02103550394043568
2017,5,65,0.018872498213110503
2017,5,66,0.020261556900763124
2017,5,67,0.01948110481727762
2017,5,68,0.027901642352509397
2017,5,69,0.0236493189009607
2017,5,70,0.017269286055413217
2017,5,71,0.02421631284980273
2017,5,72,0.018479414887342224
2017,5,73,0.021379717759395282
2017,5,74,0.010543486699556065
2017,5,75,0.018480725623582765
2017,5,76,0.03156936599635062
2017,5,77,0.02212359373521496
2017,6,1,0.019178873532953392
2017,6,2,0.01625004735229479
2017,6,3,0.023758129770935787
2017,6,4,0.021138941792138516
2017,6,5,0.024158028472816152
2017,6,6,0.028067886896465426
2017,6,7,0.03162996254209859
2017,6,8,0.025572291696768196
2017,6,9,0.014921444257335416
2017,6,10,0.01427009887992547
2017,6,11,0.01687957127115745
2017,6,12,0.015816596726240778
2017,6,13,0.015216245569787712
2017,6,14,0.02042759941216932
2017,6,15,0.01799163917523808
2017,6,16,0.0207808614545005
2017,6,17,0.01486080821340937
2017,6,18,0.016222464627517075
2017,6,19,0.019665760272696686
2017,6,20,0.022303055040346378
2017,6,21,0.025170389789269935
2017,6,22,0.028007618598694304
2017,6,23,0.028506877641323116
2017,6,24,0.031673072048993806
2017,6,25,0.02305494966642285
2017,6,26,0.028597974161698278
2017,6,27,0.030245597409776517
2017,6,28,0.032282479110658645
2017,6,29,0.028881083078383246
2017,6,30,0.027089641251490958
2017,6,31,0.030472109619727603
2017,6,32,0.030880830891070483
2017,6,33,0.032627861156235775
2017,6,34,0.02735241930101236
2017,6,35,0.02540757458713826
2017,6,36,0.024084238705115953
2017,6,37,0.022178640242224053
2017,6,38,0.023484367907864446
2017,6,39,0.02322056736077501
2017,6,40,0.019612177722726862
2017,6,41,0.026419178362163447
2017,6,42,0.0228112439580842
2017,6,43,0.02213396598202544
2017,6,44,0.018918406261543223
2017,6,45,0.022961613055294535
2017,6,46,0.02323239025860826
2017,6,47,0.021813927883292047
2017,6,48,0.02225975694183787
2017,6,49,0.023177999933626542
2017,6,50,0.024307901475531534
2017,6,51,0.023100161181431135
2017,6,52,0.019752385539957795
2017,6,53,0.019968031832954255
2017,6,54,0.02518579686209744
2017,6,55,0.02634798299538184
2017,6,56,0.031362899775881484
2017,6,57,0.021566382236902465
2017,6,58,0.02528667286116269
2017,6,59,0.024125646622186556
2017,6,60,0.02841992682517043
2017,6,61,0.023136679206043367
2017,6,62,0.022548882830773716
2017,6,63,0.020809822002018537
2017,6,64,0.021479669532892348
2017,6,65,0.017759153825475694
2017,6,66,0.022378495807546712
2017,6,67,0.021100332826179232
2017,6,68,0.025140971683794786
2017,6,69,0.020757730594286303
2017,6,70,0.018947921172322493
2017,6,71,0.02147425198095472
2017,6,72,0.01883615946540259
2017,6,73,0.01923915038076888
2017,6,74,0.01553569404640469
2017,6,75,0.019543772433945842
2017,6,76,0.03199214978140729
2017,6,77,0.022556560846173544
2017,7,1,0.01859185598583794
2017,7,2,0.016833497916838285
2017,7,3,0.023784551001368077
2017,7,4,0.02091418023871394
2017,7,5,0.0242837965399391
2017,7,6,0.0286087404350307
2017,7,7,0.0317793680672637
2017,7,8,0.026261865232367752
2017,7,9,0.01660212881381297
2017,7,10,0.013267531411942111
2017,7,11,0.018028414702532365
2017,7,12,0.01620255280637207
2017,7,13,0.01535595104959267
2017,7,14,0.02058649149297119
2017,7,15,0.01869736752873219
2017,7,16,0.021662877144409426
2017,7,17,0.01446572319464589
2017,7,18,0.01840205096691183
2017,7,19,0.020283580103664493
2017,7,20,0.023179199380116262
2017,7,21,0.025252404948936737
2017,7,22,0.028239924432784162
2017,7,23,0.02896403200862252
2017,7,24,0.03183323295739725
2017,7,25,0.023905292118712115
2017,7,26,0.028834719501159487
2017,7,27,0.030075562536555547
2017,7,28,0.03257031939719133
2017,7,29,0.028381290358364918
2017,7,30,0.02907309675188817
2017,7,31,0.02995014562111837
2017,7,32,0.03214480677227823
2017,7,33,0.032686990557140846
2017,7,34,0.029582096290819634
2017,7,35,0.025982138370435066
2017,7,36,0.024198491760907204
2017,7,37,0.019778337697412843
2017,7,38,0.02219331902243868
2017,7,39,0.024042283465668727
2017,7,40,0.020166620790898242
2017,7,41,0.027317222369013863
2017,7,42,0.022379259373479024
2017,7,43,0.02247441495996409
2017,7,44,0.017924409536185314
2017,7,45,0.017177347379659518
2017,7,46,0.01937007595479634
2017,7,47,0.028557665840902836
2017,7,48,0.01919318902322957
2017,7,49,0.018584146353895874
2017,7,50,0.02098051809034468
2017,7,51,0.022738227696299834
2017,7,52,0.023531975410588126
2017,7,53,0.02105812459858702
2017,7,54,0.021607486925406
2017,7,55,0.02254411719729639
2017,7,56,0.03197547365154307
2017,7,57,0.021678420886659094
2017,7,58,0.02405396969320804
2017,7,59,0.027004614475886847
2017,7,60,0.028840139264139017
2017,7,61,0.025530520493361117
2017,7,62,0.02006041485810272
2017,7,63,0.025207765539931943
2017,7,64,0.02042300007136231
2017,7,65,0.018024788871735337
2017,7,66,0.017350436704152147
2017,7,67,0.018943022295623453
2017,7,68,0.02060280759702725
2017,7,69,0.023047242122386635
2017,7,70,0.015107016803999358
2017,7,71,0.02302239220401678
2017,7,72,0.016688192988771028
2017,7,73,0.022082363122825552
2017,7,74,0.01778144783925131
2017,7,75,0.01926711695497823
2017,7,76,0.03268117267831511
2017,7,77,0.021991337801952327
