0.016639510196020342,0.015948362657734555 1.9661577612182353 67
0.014048257372654156,0.015488082396464565 1.8523551047146933 67
0.013759168982641578,0.015373499799924827 2.0185201799826555 67
0.015307092603156493,0.0155822950606349 1.7946056401209447 67
0.016421411814885902,0.015462959090785277 1.9745760301079964 67
0.017838492710030497,0.01565864047184705 1.9199057483742252 67
0.014903069466882067,0.01572790293287134 2.063460897038969 67
0.014999395185677998,0.015773698406391316 1.8319815365965226 67
0.017947303661589375,0.01603450339216728 1.967061564870429 67
0.016744655472979174,0.015705610748532196 1.7514579129305137 67
0.015873844707848153,0.01581639109627218 1.7874836151934423 67
0.017112037264035304,0.015575501795657937 1.6230539795334995 67
0.014223957607028308,0.01569313185856181 1.5801976919980039 67
0.015960659132085237,0.01552250140822981 1.6303062775469241 67
0.016357318416814984,0.015995724374210117 1.4560790938851944 67
0.012266666666666667,0.014848721142442236 2.4573562916117355 67
0.01564605154504759,0.01532971526125403 1.9318752105163763 67
0.01637586509406375,0.015297187553583532 2.0360086536750788 67
0.015909954407294834,0.015710487396350475 1.967109947143015 67
0.013791835233541744,0.014856268670453796 2.3553549828869014 67
0.014074725681744525,0.014716502550641615 2.4168411984567117 67
0.013674581908897717,0.014859987176456665 2.1942006038432718 67
0.014696539748422345,0.014820712482302508 2.470511508158053 67
0.013419332496428725,0.015346747969994906 2.199354217388005 67
0.014869734498612435,0.01527883287832272 2.4228382747089214 67
0.01257632738889563,0.015593495471067724 2.0672999477780074 67
0.013849693917422828,0.015591538165505495 1.7363011780260982 67
0.014872244977569728,0.01569419547677709 2.2014003991802684 67
0.01578034437534374,0.015929207994294196 1.9480198114579717 67
0.01681448632668145,0.015825373443965625 1.9471711665479525 67
